1.0 173.0909090909091
2.0 172.86363636363637
3.0 172.86363636363637
4.0 172.8181818181818
5.0 172.45454545454547
6.0 172.0
7.0 171.86363636363637
8.0 171.27272727272728
9.0 170.5909090909091
10.0 169.22727272727272
11.0 168.1818181818182
12.0 166.5909090909091
13.0 163.6818181818182
14.0 160.04545454545453
15.0 156.9090909090909
16.0 154.36363636363637
17.0 151.77272727272728
18.0 150.86363636363637
19.0 151.45454545454547
20.0 151.5
21.0 151.45454545454547
22.0 151.04545454545453
23.0 150.4090909090909
24.0 149.54545454545453
25.0 148.9090909090909
26.0 147.63636363636363
27.0 146.63636363636363
28.0 144.72727272727272
29.0 144.0
30.0 142.6818181818182
31.0 141.27272727272728
32.0 140.04545454545453
33.0 139.22727272727272
34.0 138.22727272727272
35.0 137.95454545454547
36.0 136.8181818181818