1.0 158.5
2.0 159.36363636363637
3.0 159.27272727272728
4.0 159.54545454545453
5.0 159.77272727272728
6.0 160.4090909090909
7.0 160.77272727272728
8.0 161.4090909090909
9.0 161.13636363636363
10.0 160.8181818181818
11.0 160.1818181818182
12.0 159.5
13.0 158.5
14.0 157.5909090909091
15.0 155.5909090909091
16.0 154.0
17.0 152.36363636363637
18.0 151.54545454545453
19.0 152.04545454545453
20.0 153.8181818181818
21.0 156.36363636363637
22.0 159.04545454545453
23.0 160.1818181818182
24.0 161.86363636363637
25.0 162.95454545454547
26.0 164.0909090909091
27.0 164.5
28.0 164.86363636363637
29.0 164.6818181818182
30.0 165.04545454545453
31.0 164.5
32.0 164.45454545454547
33.0 164.0909090909091
34.0 164.36363636363637
35.0 164.1818181818182
36.0 164.5909090909091