1.0 161.4090909090909
2.0 161.72727272727272
3.0 162.0
4.0 162.0
5.0 162.04545454545453
6.0 162.6818181818182
7.0 162.8181818181818
8.0 163.27272727272728
9.0 161.72727272727272
10.0 161.1818181818182
11.0 160.3181818181818
12.0 159.63636363636363
13.0 158.0
14.0 156.4090909090909
15.0 153.1818181818182
16.0 152.1818181818182
17.0 152.4090909090909
18.0 154.0
19.0 156.95454545454547
20.0 159.45454545454547
21.0 160.5909090909091
22.0 162.04545454545453
23.0 163.0909090909091
24.0 164.22727272727272
25.0 164.3181818181818
26.0 165.3181818181818
27.0 165.5
28.0 166.0
29.0 166.22727272727272
30.0 166.27272727272728
31.0 166.36363636363637
32.0 166.0909090909091
33.0 166.22727272727272
34.0 166.63636363636363
35.0 167.13636363636363
36.0 167.4090909090909