1.0 154.72727272727272
2.0 154.86363636363637
3.0 154.5
4.0 154.27272727272728
5.0 154.22727272727272
6.0 153.86363636363637
7.0 154.0
8.0 154.54545454545453
9.0 155.0
10.0 154.1818181818182
11.0 153.77272727272728
12.0 152.45454545454547
13.0 151.5
14.0 149.5
15.0 148.0
16.0 146.1818181818182
17.0 145.1818181818182
18.0 144.72727272727272
19.0 146.4090909090909
20.0 148.0
21.0 149.5909090909091
22.0 150.77272727272728
23.0 152.22727272727272
24.0 153.27272727272728
25.0 154.54545454545453
26.0 154.5
27.0 154.5
28.0 154.6818181818182
29.0 154.5
30.0 154.3181818181818
31.0 154.5909090909091
32.0 154.45454545454547
33.0 154.5
34.0 154.13636363636363
35.0 154.1818181818182
36.0 154.22727272727272