1.0 193.1818181818182
2.0 193.1818181818182
3.0 193.36363636363637
4.0 194.5
5.0 194.45454545454547
6.0 194.5
7.0 194.5
8.0 194.72727272727272
9.0 194.9090909090909
10.0 195.13636363636363
11.0 194.77272727272728
12.0 194.1818181818182
13.0 193.3181818181818
14.0 192.8181818181818
15.0 191.04545454545453
16.0 189.5
17.0 187.5
18.0 186.77272727272728
19.0 186.63636363636363
20.0 186.72727272727272
21.0 188.95454545454547
22.0 192.6818181818182
23.0 193.36363636363637
24.0 194.72727272727272
25.0 196.0909090909091
26.0 195.95454545454547
27.0 196.27272727272728
28.0 196.5909090909091
29.0 197.13636363636363
30.0 197.3181818181818
31.0 197.1818181818182
32.0 197.86363636363637
33.0 198.3181818181818
34.0 198.0909090909091
35.0 198.27272727272728
36.0 198.36363636363637