1.0 91.4186046511628
2.0 91.6046511627907
3.0 91.72093023255815
4.0 92.67441860465117
5.0 93.79069767441861
6.0 94.3953488372093
7.0 95.13953488372093
8.0 95.53488372093024
9.0 95.5813953488372
10.0 95.6046511627907
11.0 95.53488372093024
12.0 93.72093023255815
13.0 92.4186046511628
14.0 93.97674418604652
15.0 94.79069767441861
16.0 93.65116279069767
17.0 91.5813953488372
18.0 89.32558139534883
19.0 83.95348837209302
20.0 81.20930232558139
21.0 84.86046511627907
22.0 87.09302325581395
23.0 90.37209302325581
24.0 93.72093023255815
25.0 95.88372093023256
26.0 98.62790697674419
27.0 101.09302325581395
28.0 101.37209302325581
29.0 101.30232558139535
30.0 100.86046511627907
31.0 101.18604651162791

