1.0 66.1
2.0 68.23333333333333
3.0 70.5
4.0 72.23333333333333
5.0 73.43333333333334
6.0 74.26666666666667
7.0 76.86666666666666
8.0 77.96666666666667
9.0 80.66666666666667
10.0 81.96666666666667
11.0 83.53333333333333
12.0 84.1
13.0 87.2
14.0 85.16666666666667
15.0 82.0
16.0 81.83333333333333
17.0 84.93333333333334
18.0 89.86666666666666
19.0 90.8
20.0 93.96666666666667
21.0 95.7
22.0 96.0
23.0 95.46666666666667
24.0 94.5
25.0 92.6
26.0 89.56666666666666
27.0 85.1
28.0 80.23333333333333
29.0 77.13333333333334
30.0 76.0
31.0 76.86666666666666
32.0 82.83333333333333
33.0 91.73333333333333
34.0 100.96666666666667
35.0 106.5
36.0 106.63333333333334
37.0 106.3
38.0 106.3
39.0 106.43333333333334
40.0 106.6
41.0 108.33333333333333
42.0 110.53333333333333
43.0 111.13333333333334
44.0 110.96666666666667
45.0 111.63333333333334
46.0 112.53333333333333
47.0 112.6
48.0 112.7
49.0 113.6
50.0 114.86666666666666
51.0 114.93333333333334

