1.0 164.33333333333334
2.0 164.0
3.0 164.16666666666666
4.0 165.05555555555554
5.0 165.16666666666666
6.0 164.77777777777777
7.0 166.0
8.0 165.77777777777777
9.0 162.11111111111111
10.0 160.11111111111111
11.0 158.33333333333334
12.0 156.44444444444446
13.0 154.22222222222223
14.0 152.44444444444446
15.0 151.33333333333334
16.0 152.11111111111111
17.0 153.94444444444446
18.0 155.72222222222223
19.0 156.83333333333334
20.0 158.77777777777777
21.0 160.16666666666666
22.0 163.0
23.0 164.11111111111111
24.0 164.88888888888889
25.0 165.61111111111111
26.0 165.38888888888889