1.0 155.94444444444446
2.0 157.16666666666666
3.0 156.33333333333334
4.0 156.66666666666666
5.0 156.66666666666666
6.0 156.72222222222223
7.0 154.88888888888889
8.0 153.94444444444446
9.0 152.72222222222223
10.0 152.66666666666666
11.0 150.22222222222223
12.0 149.05555555555554
13.0 147.88888888888889
14.0 147.05555555555554
15.0 148.61111111111111
16.0 149.83333333333334
17.0 150.94444444444446
18.0 151.88888888888889
19.0 153.0
20.0 155.0
21.0 156.38888888888889
22.0 156.72222222222223
23.0 156.94444444444446
24.0 157.16666666666666
25.0 157.38888888888889
26.0 157.94444444444446