1.0 170.88888888888889
2.0 171.22222222222223
3.0 172.11111111111111
4.0 171.61111111111111
5.0 171.72222222222223
6.0 171.61111111111111
7.0 170.44444444444446
8.0 168.72222222222223
9.0 166.55555555555554
10.0 163.44444444444446
11.0 160.66666666666666
12.0 157.88888888888889
13.0 155.72222222222223
14.0 152.83333333333334
15.0 154.44444444444446
16.0 156.0
17.0 157.33333333333334
18.0 158.77777777777777
19.0 161.5
20.0 163.5
21.0 166.61111111111111
22.0 168.94444444444446
23.0 173.33333333333334
24.0 172.5
25.0 172.27777777777777
26.0 172.16666666666666