1.0 165.5
2.0 164.33333333333334
3.0 164.27777777777777
4.0 164.77777777777777
5.0 165.55555555555554
6.0 164.27777777777777
7.0 162.5
8.0 159.66666666666666
9.0 157.5
10.0 155.11111111111111
11.0 153.44444444444446
12.0 149.55555555555554
13.0 147.0
14.0 151.77777777777777
15.0 153.77777777777777
16.0 155.44444444444446
17.0 157.61111111111111
18.0 159.88888888888889
19.0 162.66666666666666
20.0 163.88888888888889
21.0 164.44444444444446
22.0 164.94444444444446
23.0 166.0
24.0 165.55555555555554
25.0 165.77777777777777
26.0 165.05555555555554