1.0 172.5
2.0 172.83333333333334
3.0 173.0
4.0 173.05555555555554
5.0 174.11111111111111
6.0 172.83333333333334
7.0 172.44444444444446
8.0 169.55555555555554
9.0 167.05555555555554
10.0 164.77777777777777
11.0 163.11111111111111
12.0 160.33333333333334
13.0 158.44444444444446
14.0 157.55555555555554
15.0 157.94444444444446
16.0 159.61111111111111
17.0 162.0
18.0 164.38888888888889
19.0 168.11111111111111
20.0 171.0
21.0 174.11111111111111
22.0 174.94444444444446
23.0 174.88888888888889
24.0 175.61111111111111
25.0 177.27777777777777
26.0 177.22222222222223