1.0 167.88888888888889
2.0 169.55555555555554
3.0 169.27777777777777
4.0 169.33333333333334
5.0 169.61111111111111
6.0 168.72222222222223
7.0 165.27777777777777
8.0 163.0
9.0 160.61111111111111
10.0 158.0
11.0 155.33333333333334
12.0 151.27777777777777
13.0 151.77777777777777
14.0 155.83333333333334
15.0 158.0
16.0 160.11111111111111
17.0 161.38888888888889
18.0 163.61111111111111
19.0 165.38888888888889
20.0 168.05555555555554
21.0 168.44444444444446
22.0 168.44444444444446
23.0 168.83333333333334
24.0 168.16666666666666
25.0 167.83333333333334
26.0 168.55555555555554