1.0 168.44444444444446
2.0 168.72222222222223
3.0 168.55555555555554
4.0 168.44444444444446
5.0 168.16666666666666
6.0 168.61111111111111
7.0 168.66666666666666
8.0 168.44444444444446
9.0 165.33333333333334
10.0 163.22222222222223
11.0 160.16666666666666
12.0 158.22222222222223
13.0 155.22222222222223
14.0 151.44444444444446
15.0 151.72222222222223
16.0 154.33333333333334
17.0 155.77777777777777
18.0 158.27777777777777
19.0 160.88888888888889
20.0 163.27777777777777
21.0 164.44444444444446
22.0 166.38888888888889
23.0 168.16666666666666
24.0 169.05555555555554
25.0 168.16666666666666
26.0 168.05555555555554
