1.0 169.72222222222223
2.0 169.94444444444446
3.0 169.27777777777777
4.0 169.33333333333334
5.0 169.55555555555554
6.0 170.0
7.0 172.5
8.0 170.22222222222223
9.0 168.88888888888889
10.0 165.83333333333334
11.0 164.61111111111111
12.0 161.72222222222223
13.0 160.5
14.0 159.66666666666666
15.0 160.66666666666666
16.0 162.38888888888889
17.0 165.66666666666666
18.0 167.55555555555554
19.0 168.38888888888889
20.0 168.83333333333334
21.0 169.5
22.0 169.33333333333334
23.0 169.61111111111111
24.0 169.83333333333334
25.0 169.33333333333334
26.0 168.94444444444446