1.0 169.33333333333334
2.0 169.22222222222223
3.0 169.0
4.0 170.0
5.0 170.0
6.0 169.94444444444446
7.0 167.11111111111111
8.0 166.72222222222223
9.0 164.22222222222223
10.0 162.0
11.0 159.27777777777777
12.0 158.88888888888889
13.0 158.61111111111111
14.0 159.77777777777777
15.0 161.88888888888889
16.0 163.61111111111111
17.0 165.77777777777777
18.0 166.88888888888889
19.0 169.05555555555554
20.0 169.16666666666666
21.0 169.55555555555554
22.0 169.0
23.0 169.61111111111111
24.0 169.61111111111111
25.0 169.44444444444446
26.0 169.44444444444446