1.0 117.86666666666666
2.0 118.03333333333333
3.0 116.63333333333334
4.0 115.56666666666666
5.0 114.83333333333333
6.0 114.2
7.0 114.4
8.0 114.13333333333334
9.0 112.96666666666667
10.0 112.7
11.0 111.96666666666667
12.0 111.9
13.0 111.83333333333333
14.0 111.13333333333334
15.0 110.0
16.0 108.66666666666667
17.0 107.2
18.0 101.26666666666667
19.0 94.3
20.0 93.83333333333333
21.0 98.86666666666666
22.0 105.0
23.0 105.4
24.0 104.76666666666667
25.0 102.56666666666666
26.0 100.8
27.0 100.23333333333333
28.0 99.0
29.0 98.5
30.0 98.6
31.0 97.53333333333333
32.0 95.73333333333333
33.0 95.26666666666667
34.0 94.76666666666667
35.0 91.93333333333334
36.0 90.93333333333334
37.0 91.76666666666667
38.0 88.93333333333334
39.0 86.76666666666667
40.0 87.26666666666667
41.0 85.96666666666667
42.0 83.03333333333333
43.0 82.0
44.0 80.16666666666667
45.0 78.0
46.0 75.83333333333333
47.0 73.96666666666667
48.0 72.63333333333334

