1.0 244.8
2.0 244.94545454545454
3.0 244.9090909090909
4.0 244.85454545454544
5.0 244.6727272727273
6.0 244.63636363636363
7.0 244.47272727272727
8.0 244.8
9.0 245.03636363636363
10.0 245.3272727272727
11.0 245.14545454545456
12.0 244.96363636363637
13.0 245.23636363636365
14.0 245.74545454545455
15.0 245.38181818181818
16.0 245.78181818181818
17.0 245.8
18.0 246.03636363636363
19.0 245.70909090909092
20.0 245.76363636363635
21.0 245.83636363636364
22.0 244.8909090909091
23.0 243.72727272727272
24.0 243.6909090909091
25.0 243.8909090909091
26.0 244.54545454545453
27.0 244.8181818181818
28.0 244.6909090909091
29.0 244.96363636363637
30.0 245.0
31.0 246.07272727272726
32.0 246.4181818181818
33.0 247.1818181818182
34.0 246.92727272727274
35.0 246.76363636363635
36.0 246.56363636363636
37.0 247.16363636363636
38.0 246.9090909090909
39.0 246.74545454545455
40.0 246.8181818181818
41.0 247.03636363636363
42.0 247.21818181818182
43.0 247.2
44.0 247.36363636363637
45.0 247.4181818181818
46.0 247.38181818181818
47.0 247.52727272727273

