1.0 221.88888888888889
2.0 221.59259259259258
3.0 221.62962962962962
4.0 221.5185185185185
5.0 221.03703703703704
6.0 221.2962962962963
7.0 221.16666666666666
8.0 220.83333333333334
9.0 220.33333333333334
10.0 220.35185185185185
11.0 220.1851851851852
12.0 220.33333333333334
13.0 219.61111111111111
14.0 219.66666666666666
15.0 219.53703703703704
16.0 219.9814814814815
17.0 219.4814814814815
18.0 219.2037037037037
19.0 218.72222222222223
20.0 218.7037037037037
21.0 218.40740740740742
22.0 218.33333333333334
23.0 218.27777777777777
24.0 218.37037037037038
25.0 217.83333333333334
26.0 217.2962962962963
27.0 216.9814814814815
28.0 216.8148148148148
29.0 216.40740740740742
30.0 216.11111111111111
31.0 215.88888888888889
32.0 215.94444444444446
33.0 215.44444444444446
34.0 215.42592592592592
35.0 215.1851851851852
36.0 215.35185185185185
37.0 215.0185185185185
38.0 215.25925925925927
39.0 214.44444444444446
40.0 213.8148148148148
41.0 212.75925925925927
42.0 212.11111111111111
43.0 211.11111111111111
44.0 210.40740740740742
45.0 208.83333333333334
46.0 208.3148148148148
47.0 207.16666666666666
48.0 206.46296296296296
49.0 205.90740740740742
50.0 205.7037037037037
51.0 206.66666666666666
52.0 207.7037037037037
53.0 206.85185185185185
54.0 206.61111111111111
55.0 207.0185185185185
56.0 208.61111111111111
57.0 209.38888888888889
58.0 210.16666666666666
59.0 210.44444444444446
60.0 211.24074074074073
61.0 210.7037037037037
62.0 210.37037037037038
63.0 209.92592592592592
64.0 209.66666666666666
65.0 209.14814814814815
66.0 209.0185185185185
67.0 208.6851851851852
68.0 208.64814814814815
69.0 208.46296296296296
70.0 208.42592592592592
71.0 207.87037037037038
72.0 207.83333333333334
73.0 207.2037037037037
74.0 207.12962962962962
75.0 206.85185185185185
76.0 206.77777777777777
77.0 206.2962962962963
78.0 206.14814814814815
79.0 205.37037037037038
80.0 205.09259259259258
81.0 204.62962962962962
82.0 204.61111111111111
83.0 204.1851851851852
84.0 204.1851851851852
85.0 203.59259259259258
86.0 203.05555555555554
87.0 202.44444444444446
88.0 202.5185185185185
89.0 201.62962962962962
90.0 200.85185185185185
91.0 200.35185185185185
92.0 200.72222222222223
