1.0 219.75
2.0 220.03947368421052
3.0 219.8815789473684
4.0 220.0921052631579
5.0 220.02631578947367
6.0 220.42105263157896
7.0 220.1315789473684
8.0 220.35526315789474
9.0 220.32894736842104
10.0 220.67105263157896
11.0 220.60526315789474
12.0 220.44736842105263
13.0 220.4078947368421
14.0 220.56578947368422
15.0 220.6315789473684
16.0 220.98684210526315
17.0 220.89473684210526
18.0 221.06578947368422
19.0 220.94736842105263
20.0 221.28947368421052
21.0 221.27631578947367
22.0 221.57894736842104
23.0 221.5921052631579
24.0 221.47368421052633
25.0 221.3815789473684
26.0 221.56578947368422
27.0 221.39473684210526
28.0 221.64473684210526
29.0 221.51315789473685
30.0 221.6184210526316
31.0 221.6315789473684
32.0 221.71052631578948
33.0 221.48684210526315
34.0 221.8421052631579
35.0 221.81578947368422
36.0 222.1578947368421
37.0 222.17105263157896
38.0 222.31578947368422
39.0 221.97368421052633
40.0 222.17105263157896
41.0 222.06578947368422
42.0 222.3815789473684
43.0 222.39473684210526
44.0 222.32894736842104
45.0 222.25
46.0 222.6315789473684
47.0 222.5
48.0 222.57894736842104
49.0 222.51315789473685
50.0 222.8815789473684
51.0 222.67105263157896
52.0 222.55263157894737
53.0 222.52631578947367
54.0 222.72368421052633
55.0 222.5921052631579
56.0 222.6315789473684
57.0 222.52631578947367
58.0 222.75
59.0 222.52631578947367
60.0 222.60526315789474
61.0 222.80263157894737
62.0 222.82894736842104
63.0 222.85526315789474
64.0 223.02631578947367
65.0 223.02631578947367
66.0 222.98684210526315
67.0 222.81578947368422
68.0 223.03947368421052
69.0 223.02631578947367
70.0 223.1184210526316
71.0 222.73684210526315
72.0 222.8684210526316
73.0 223.18421052631578
74.0 223.5
75.0 223.46052631578948
76.0 223.47368421052633
77.0 223.3815789473684
78.0 223.68421052631578
79.0 223.60526315789474
80.0 223.69736842105263
81.0 223.3684210526316
82.0 223.68421052631578
83.0 223.6578947368421
84.0 223.77631578947367
85.0 223.6578947368421
86.0 223.81578947368422
87.0 223.52631578947367
88.0 223.78947368421052
89.0 223.6315789473684
90.0 223.78947368421052
91.0 223.81578947368422
92.0 224.07894736842104
93.0 224.17105263157896
94.0 224.46052631578948
95.0 224.25
96.0 224.23684210526315
97.0 224.19736842105263
98.0 224.5921052631579
99.0 224.5921052631579
100.0 224.39473684210526
101.0 224.0921052631579
102.0 224.18421052631578
103.0 224.02631578947367
104.0 224.1315789473684
105.0 224.35526315789474
106.0 224.44736842105263
107.0 224.14473684210526
108.0 224.3421052631579
109.0 224.3815789473684
110.0 224.42105263157896
111.0 224.21052631578948
112.0 224.30263157894737
113.0 224.43421052631578
114.0 224.6578947368421
115.0 224.48684210526315
116.0 224.55263157894737
117.0 224.31578947368422
118.0 224.42105263157896
119.0 224.22368421052633
120.0 224.53947368421052
121.0 224.3815789473684
122.0 224.6315789473684
123.0 224.5
124.0 224.43421052631578
125.0 224.44736842105263
126.0 224.85526315789474
127.0 224.85526315789474
128.0 225.0921052631579
129.0 225.05263157894737
130.0 225.17105263157896
131.0 224.80263157894737
132.0 225.01315789473685
133.0 225.05263157894737
134.0 225.31578947368422
135.0 225.32894736842104
136.0 225.30263157894737
137.0 225.22368421052633
138.0 225.3815789473684
139.0 225.1315789473684
140.0 225.22368421052633
141.0 225.1315789473684
142.0 225.32894736842104
143.0 225.3684210526316
144.0 225.69736842105263
145.0 225.85526315789474
146.0 226.01315789473685
147.0 225.82894736842104
148.0 225.82894736842104
149.0 225.85526315789474
150.0 226.17105263157896
151.0 225.98684210526315
152.0 226.19736842105263
153.0 226.23684210526315
154.0 226.4078947368421
155.0 226.35526315789474
156.0 226.3421052631579
157.0 226.39473684210526
158.0 226.51315789473685
159.0 226.25
160.0 226.21052631578948
161.0 226.1315789473684
162.0 226.52631578947367
163.0 226.3421052631579
164.0 226.52631578947367
165.0 226.56578947368422
166.0 227.0
167.0 226.81578947368422
168.0 227.03947368421052
169.0 227.01315789473685
170.0 227.42105263157896
171.0 227.43421052631578
172.0 227.3684210526316
173.0 227.25
174.0 227.56578947368422
175.0 227.75
176.0 227.98684210526315
177.0 227.96052631578948
178.0 228.26315789473685
179.0 228.07894736842104
180.0 228.06578947368422
181.0 227.8421052631579
182.0 227.78947368421052
183.0 227.53947368421052
184.0 227.8684210526316
185.0 227.6315789473684
186.0 227.81578947368422
187.0 228.02631578947367
188.0 228.3684210526316
189.0 228.25
190.0 228.31578947368422
191.0 228.3421052631579
192.0 228.55263157894737
193.0 228.27631578947367
194.0 228.25
195.0 227.93421052631578
196.0 228.26315789473685
197.0 228.30263157894737
198.0 228.32894736842104
199.0 228.1315789473684
200.0 228.1578947368421
201.0 228.21052631578948
202.0 228.57894736842104
203.0 228.60526315789474
204.0 228.8815789473684
205.0 228.82894736842104
206.0 229.05263157894737
207.0 229.1315789473684
208.0 229.27631578947367
209.0 229.0
210.0 228.93421052631578
211.0 229.07894736842104
212.0 229.19736842105263
213.0 229.1315789473684
214.0 229.42105263157896
215.0 229.26315789473685
216.0 229.32894736842104
217.0 229.25
218.0 229.67105263157896
219.0 229.46052631578948
220.0 229.51315789473685
221.0 229.46052631578948
222.0 229.72368421052633
223.0 229.53947368421052
224.0 229.64473684210526
225.0 229.5921052631579
226.0 229.57894736842104
227.0 229.53947368421052
228.0 229.71052631578948
229.0 229.80263157894737
230.0 229.96052631578948
231.0 229.81578947368422
232.0 229.8684210526316
233.0 229.93421052631578
234.0 230.14473684210526
235.0 230.17105263157896
236.0 230.31578947368422
237.0 230.26315789473685
238.0 230.48684210526315
239.0 230.47368421052633
240.0 230.60526315789474
241.0 230.28947368421052
242.0 230.32894736842104
243.0 230.28947368421052
244.0 230.3684210526316
245.0 230.35526315789474
246.0 230.46052631578948
247.0 230.46052631578948
248.0 230.6578947368421
249.0 230.47368421052633
250.0 230.6578947368421
251.0 230.67105263157896
252.0 230.98684210526315
253.0 230.8684210526316
254.0 230.8684210526316
255.0 230.80263157894737
256.0 230.94736842105263
257.0 230.92105263157896
258.0 231.23684210526315
259.0 231.03947368421052
260.0 230.92105263157896
261.0 230.82894736842104
262.0 231.02631578947367
263.0 230.8815789473684
264.0 230.93421052631578
265.0 230.92105263157896
266.0 231.07894736842104
267.0 230.89473684210526
268.0 231.05263157894737
269.0 230.82894736842104
270.0 231.05263157894737
271.0 230.8421052631579
272.0 231.31578947368422
273.0 231.42105263157896
274.0 231.4078947368421
275.0 231.14473684210526
276.0 230.98684210526315
277.0 231.05263157894737
278.0 231.23684210526315
279.0 231.10526315789474
280.0 231.25
281.0 231.06578947368422
282.0 231.27631578947367
283.0 231.0921052631579
284.0 231.47368421052633
285.0 231.26315789473685
286.0 231.35526315789474
287.0 231.1184210526316
288.0 231.26315789473685
289.0 231.18421052631578
290.0 231.28947368421052
291.0 230.94736842105263
292.0 231.31578947368422
293.0 231.18421052631578
294.0 231.31578947368422
295.0 230.98684210526315
296.0 231.14473684210526
297.0 230.93421052631578
298.0 231.21052631578948
299.0 231.1578947368421
300.0 231.26315789473685
301.0 231.1315789473684
302.0 231.4078947368421
303.0 231.32894736842104
304.0 231.30263157894737
305.0 231.07894736842104
306.0 231.23684210526315
307.0 231.21052631578948
308.0 231.39473684210526
309.0 231.14473684210526
310.0 231.10526315789474
311.0 230.76315789473685
312.0 231.1315789473684
313.0 231.02631578947367
314.0 230.96052631578948
315.0 230.96052631578948
316.0 231.05263157894737
317.0 230.69736842105263
318.0 230.97368421052633
319.0 230.93421052631578
320.0 231.1184210526316
321.0 230.93421052631578
322.0 230.8815789473684
323.0 230.73684210526315
324.0 230.8684210526316
325.0 230.28947368421052
326.0 230.47368421052633
327.0 230.28947368421052
328.0 230.46052631578948
329.0 230.4078947368421
330.0 230.5
331.0 230.3815789473684
332.0 230.46052631578948
333.0 230.35526315789474
334.0 230.43421052631578
335.0 230.02631578947367
336.0 230.01315789473685
337.0 229.8684210526316
338.0 230.19736842105263
339.0 229.94736842105263
340.0 230.06578947368422
341.0 229.80263157894737
342.0 229.81578947368422
343.0 229.5
344.0 229.72368421052633
345.0 229.6578947368421
346.0 229.57894736842104
347.0 229.22368421052633
348.0 229.43421052631578
349.0 229.26315789473685
350.0 229.46052631578948
351.0 229.22368421052633
352.0 229.17105263157896
353.0 228.77631578947367
354.0 228.96052631578948
355.0 228.71052631578948
356.0 228.73684210526315
357.0 228.44736842105263
358.0 228.51315789473685
359.0 228.35526315789474
360.0 228.25
361.0 228.19736842105263
362.0 228.27631578947367
363.0 227.85526315789474
364.0 227.8684210526316
365.0 227.47368421052633
366.0 227.52631578947367
367.0 227.21052631578948
368.0 227.28947368421052
369.0 227.1578947368421
370.0 227.43421052631578
371.0 226.98684210526315
372.0 226.8815789473684
373.0 226.72368421052633
374.0 227.07894736842104
375.0 226.96052631578948
376.0 227.22368421052633
377.0 227.02631578947367
378.0 226.92105263157896
379.0 226.5921052631579
380.0 226.6315789473684
381.0 226.3421052631579
382.0 226.5
383.0 226.28947368421052
384.0 226.0921052631579
385.0 225.92105263157896
386.0 226.19736842105263
387.0 225.8815789473684
388.0 225.8815789473684
389.0 225.47368421052633
390.0 225.6315789473684
391.0 225.46052631578948
392.0 225.44736842105263
393.0 225.19736842105263
394.0 225.35526315789474
395.0 225.28947368421052
396.0 225.1578947368421
397.0 224.8684210526316
398.0 225.0
399.0 224.9078947368421
400.0 224.8684210526316
401.0 224.81578947368422
402.0 224.97368421052633
403.0 224.69736842105263
404.0 224.78947368421052
405.0 224.51315789473685
406.0 224.64473684210526
407.0 224.1578947368421
408.0 224.14473684210526
409.0 223.93421052631578
410.0 224.26315789473685
411.0 223.94736842105263
412.0 223.81578947368422
413.0 223.23684210526315
414.0 223.57894736842104
415.0 223.05263157894737
416.0 223.31578947368422
417.0 222.98684210526315
418.0 223.0
419.0 222.80263157894737
420.0 223.32894736842104
421.0 222.82894736842104
422.0 222.71052631578948
423.0 222.43421052631578
424.0 222.4078947368421
425.0 222.1315789473684
426.0 222.28947368421052
427.0 221.67105263157896
428.0 221.19736842105263
429.0 220.17105263157896
430.0 219.80263157894737
431.0 218.72368421052633
432.0 218.1184210526316
433.0 216.92105263157896
434.0 216.10526315789474
435.0 215.14473684210526
436.0 215.22368421052633
437.0 215.26315789473685
438.0 215.94736842105263
439.0 215.93421052631578
440.0 216.6184210526316
441.0 216.05263157894737
442.0 216.1578947368421
443.0 216.39473684210526
444.0 217.19736842105263
445.0 217.42105263157896
446.0 217.8421052631579
447.0 217.8421052631579
448.0 217.85526315789474
449.0 217.42105263157896
450.0 217.42105263157896
451.0 216.94736842105263
452.0 216.8815789473684
453.0 216.5
454.0 216.31578947368422
455.0 215.96052631578948
456.0 216.0
457.0 215.47368421052633
458.0 215.1315789473684
459.0 214.81578947368422
460.0 214.75
461.0 214.28947368421052
462.0 214.06578947368422
463.0 213.68421052631578
464.0 213.55263157894737
465.0 212.97368421052633
466.0 212.73684210526315
467.0 212.14473684210526
468.0 211.89473684210526
469.0 211.44736842105263
470.0 211.3815789473684
471.0 210.8421052631579
472.0 210.5
473.0 209.8815789473684
474.0 209.81578947368422
475.0 209.21052631578948
476.0 209.01315789473685
477.0 208.6578947368421
478.0 208.68421052631578
479.0 208.01315789473685
480.0 207.71052631578948
481.0 206.9078947368421
482.0 206.77631578947367
483.0 206.0921052631579
484.0 205.8815789473684
485.0 205.31578947368422
486.0 205.23684210526315
487.0 204.3421052631579
488.0 204.06578947368422
489.0 203.03947368421052
490.0 202.97368421052633
491.0 202.0921052631579
492.0 201.75
493.0 201.03947368421052
494.0 200.60526315789474
495.0 199.5
496.0 198.92105263157896
497.0 197.85526315789474
498.0 197.1315789473684
499.0 196.10526315789474
500.0 194.71052631578948
501.0 191.1315789473684
502.0 188.72368421052633
503.0 185.1315789473684
504.0 181.89473684210526
505.0 179.3815789473684
506.0 173.97368421052633
507.0 168.75
508.0 162.72368421052633
509.0 157.6184210526316
510.0 153.9078947368421
511.0 145.8421052631579
512.0 141.81578947368422
513.0 135.77631578947367
514.0 131.21052631578948
515.0 126.82894736842105
516.0 121.61842105263158
517.0 115.64473684210526
518.0 110.80263157894737
519.0 105.10526315789474
520.0 100.96052631578948
521.0 94.19736842105263
522.0 90.0
523.0 83.5657894736842
524.0 80.32894736842105
525.0 79.96052631578948
526.0 78.96052631578948
527.0 78.42105263157895
528.0 77.9342105263158
529.0 77.60526315789474
530.0 77.26315789473684
531.0 77.0
532.0 76.90789473684211
533.0 76.80263157894737
534.0 76.76315789473684
535.0 76.51315789473684
536.0 76.36842105263158
537.0 76.15789473684211
538.0 76.17105263157895
539.0 76.02631578947368
540.0 76.0
541.0 75.86842105263158
542.0 75.76315789473684
543.0 75.52631578947368
544.0 75.38157894736842
545.0 75.10526315789474
546.0 75.11842105263158
547.0 75.10526315789474
548.0 75.11842105263158
549.0 74.90789473684211
550.0 74.88157894736842
551.0 74.76315789473684
552.0 74.72368421052632
553.0 74.57894736842105
554.0 74.5657894736842
555.0 74.51315789473684
556.0 74.51315789473684
557.0 74.28947368421052
558.0 74.25
559.0 74.03947368421052
560.0 73.97368421052632
561.0 73.8157894736842
562.0 73.92105263157895
563.0 73.75
564.0 73.72368421052632
565.0 73.61842105263158
566.0 73.57894736842105
567.0 73.4342105263158
568.0 73.46052631578948
569.0 73.3157894736842
570.0 73.35526315789474
571.0 73.28947368421052
572.0 73.28947368421052
573.0 73.23684210526316
574.0 73.3157894736842
575.0 73.21052631578948
576.0 73.19736842105263
577.0 73.10526315789474
578.0 73.11842105263158
579.0 73.05263157894737
580.0 73.02631578947368
581.0 72.96052631578948
582.0 72.96052631578948
583.0 72.96052631578948
584.0 72.96052631578948
585.0 72.96052631578948
586.0 72.97368421052632
587.0 72.97368421052632
588.0 73.0
589.0 72.97368421052632
590.0 72.98684210526316
591.0 72.98684210526316
592.0 73.0
593.0 72.98684210526316
594.0 72.90789473684211
595.0 72.89473684210526
596.0 72.90789473684211
597.0 72.90789473684211
598.0 72.92105263157895
599.0 72.92105263157895
600.0 72.89473684210526
601.0 72.89473684210526
602.0 72.84210526315789
603.0 72.84210526315789
604.0 72.8157894736842
605.0 72.8157894736842
606.0 72.8157894736842
607.0 72.80263157894737
608.0 72.85526315789474
609.0 72.86842105263158
610.0 72.89473684210526
611.0 72.88157894736842
612.0 72.85526315789474
613.0 72.86842105263158
614.0 72.76315789473684
615.0 72.72368421052632
616.0 72.60526315789474
617.0 72.63157894736842
618.0 72.75
619.0 72.64473684210526
620.0 72.40789473684211
621.0 72.40789473684211
622.0 72.48684210526316
623.0 72.36842105263158
624.0 72.07894736842105
625.0 72.0657894736842
626.0 72.03947368421052
627.0 71.84210526315789
628.0 71.76315789473684
629.0 71.88157894736842
630.0 72.40789473684211
631.0 72.26315789473684
632.0 72.19736842105263
633.0 72.1842105263158
634.0 72.15789473684211
635.0 72.03947368421052
636.0 71.71052631578948
637.0 71.6842105263158
638.0 71.30263157894737
639.0 71.1842105263158

