1.0 224.72222222222223
2.0 224.38888888888889
3.0 224.46296296296296
4.0 224.44444444444446
5.0 224.42592592592592
6.0 224.24074074074073
7.0 224.55555555555554
8.0 224.27777777777777
9.0 224.25925925925927
10.0 224.07407407407408
11.0 224.24074074074073
12.0 223.64814814814815
13.0 223.57407407407408
14.0 223.37037037037038
15.0 223.72222222222223
16.0 223.5
17.0 223.42592592592592
18.0 222.85185185185185
19.0 223.3148148148148
20.0 222.75925925925927
21.0 223.2037037037037
22.0 222.83333333333334
23.0 222.75925925925927
24.0 222.5185185185185
25.0 223.05555555555554
26.0 222.6851851851852
27.0 222.53703703703704
28.0 222.22222222222223
29.0 222.12962962962962
30.0 221.87037037037038
31.0 222.05555555555554
32.0 221.33333333333334
33.0 220.66666666666666
34.0 219.42592592592592
35.0 218.83333333333334
36.0 217.57407407407408
37.0 216.5185185185185
38.0 215.03703703703704
39.0 214.07407407407408
40.0 212.8148148148148
41.0 212.87037037037038
42.0 213.14814814814815
43.0 214.0
44.0 214.16666666666666
45.0 215.14814814814815
46.0 214.5
47.0 214.44444444444446
48.0 215.03703703703704
49.0 216.24074074074073
50.0 216.62962962962962
51.0 217.16666666666666
52.0 217.42592592592592
53.0 217.57407407407408
54.0 217.12962962962962
55.0 217.05555555555554
56.0 216.55555555555554
57.0 216.38888888888889
58.0 215.94444444444446
59.0 215.88888888888889
60.0 215.5185185185185
61.0 215.64814814814815
62.0 215.3148148148148
63.0 215.05555555555554
64.0 214.75925925925927
65.0 214.57407407407408
66.0 214.05555555555554
67.0 213.75925925925927
68.0 213.3148148148148
69.0 213.27777777777777
70.0 212.7037037037037
71.0 212.4814814814815
72.0 211.90740740740742
73.0 211.64814814814815
74.0 211.3148148148148
75.0 211.2037037037037
76.0 210.5
77.0 210.22222222222223
78.0 209.62962962962962
79.0 209.62962962962962
80.0 208.94444444444446
81.0 208.77777777777777
82.0 208.53703703703704
83.0 208.55555555555554
84.0 207.8148148148148
