1.0 144.65
2.0 145.83333333333334
3.0 145.35
4.0 145.98333333333332
5.0 144.95
6.0 142.98333333333332
7.0 144.71666666666667
8.0 146.58333333333334
9.0 145.1
10.0 142.21666666666667
11.0 140.01666666666668
12.0 136.43333333333334
13.0 136.75
14.0 137.96666666666667
15.0 136.53333333333333
16.0 134.01666666666668
17.0 131.3
18.0 125.2
19.0 121.46666666666667
20.0 120.56666666666666
21.0 125.36666666666666
22.0 132.23333333333332
23.0 138.08333333333334
24.0 140.65
25.0 145.36666666666667
26.0 148.1
27.0 147.33333333333334
28.0 148.0
29.0 148.05
30.0 147.63333333333333
31.0 147.86666666666667

