1.0 141.36666666666667
2.0 141.26666666666668
3.0 141.86666666666667
4.0 141.16666666666666
5.0 141.33333333333334
6.0 142.13333333333333
7.0 141.7
8.0 141.83333333333334
9.0 143.2
10.0 140.63333333333333
11.0 134.8
12.0 130.46666666666667
13.0 129.53333333333333
14.0 127.86666666666666
15.0 131.0
16.0 139.3
17.0 141.73333333333332
18.0 139.66666666666666
19.0 136.96666666666667
20.0 137.4
21.0 142.1
22.0 144.96666666666667
23.0 145.4
24.0 145.5
25.0 144.9
26.0 145.2
27.0 144.56666666666666
28.0 143.3
29.0 145.23333333333332
30.0 146.73333333333332
31.0 146.33333333333334
32.0 147.06666666666666
33.0 147.66666666666666
34.0 143.8
35.0 143.26666666666668
36.0 148.0
37.0 147.8
38.0 142.73333333333332
39.0 138.96666666666667
40.0 132.63333333333333
41.0 127.73333333333333
42.0 123.46666666666667
43.0 118.56666666666666
44.0 114.33333333333333
45.0 112.86666666666666
46.0 112.63333333333334
47.0 114.0
48.0 120.76666666666667
49.0 130.53333333333333
50.0 133.76666666666668
51.0 139.63333333333333
52.0 146.53333333333333
53.0 151.03333333333333
54.0 152.16666666666666
55.0 151.13333333333333
56.0 150.46666666666667
57.0 150.96666666666667
58.0 151.2
59.0 151.1
60.0 149.53333333333333
61.0 150.1
62.0 151.1
63.0 150.86666666666667
64.0 151.53333333333333

