1.0 196.66666666666666
2.0 196.78571428571428
3.0 196.42857142857142
4.0 196.33333333333334
5.0 196.07142857142858
6.0 195.71428571428572
7.0 195.02380952380952
8.0 193.8095238095238
9.0 191.35714285714286
10.0 190.4047619047619
11.0 188.26190476190476
12.0 187.83333333333334
13.0 187.9047619047619
14.0 188.71428571428572
15.0 189.97619047619048
16.0 190.07142857142858
17.0 189.73809523809524
18.0 190.14285714285714
19.0 189.8095238095238
20.0 190.38095238095238
21.0 190.11904761904762
22.0 190.3095238095238
23.0 189.47619047619048
24.0 189.4047619047619
25.0 189.26190476190476
26.0 189.33333333333334
27.0 189.35714285714286
28.0 189.0