1.0 176.05555555555554
2.0 176.11111111111111
3.0 175.94444444444446
4.0 176.94444444444446
5.0 177.11111111111111
6.0 176.16666666666666
7.0 175.66666666666666
8.0 173.27777777777777
9.0 169.66666666666666
10.0 166.0
11.0 163.88888888888889
12.0 162.11111111111111
13.0 159.83333333333334
14.0 158.77777777777777
15.0 159.33333333333334
16.0 161.88888888888889
17.0 163.83333333333334
18.0 166.61111111111111
19.0 169.66666666666666
20.0 173.33333333333334
21.0 174.61111111111111
22.0 176.22222222222223
23.0 176.33333333333334
24.0 176.5
25.0 176.11111111111111
26.0 176.44444444444446