1.0 169.33333333333334
2.0 169.11111111111111
3.0 169.11111111111111
4.0 169.88888888888889
5.0 170.05555555555554
6.0 171.0
7.0 169.27777777777777
8.0 168.05555555555554
9.0 165.11111111111111
10.0 163.55555555555554
11.0 160.27777777777777
12.0 157.0
13.0 156.94444444444446
14.0 159.44444444444446
15.0 162.11111111111111
16.0 163.72222222222223
17.0 166.38888888888889
18.0 168.55555555555554
19.0 169.0
20.0 169.0
21.0 169.72222222222223
22.0 169.11111111111111
23.0 168.94444444444446
24.0 168.27777777777777
25.0 168.44444444444446
26.0 169.5