1.0 190.95454545454547
2.0 191.5
3.0 191.77272727272728
4.0 192.54545454545453
5.0 192.5909090909091
6.0 192.5909090909091
7.0 192.22727272727272
8.0 192.0909090909091
9.0 191.8181818181818
10.0 192.0909090909091
11.0 191.5909090909091
12.0 190.4090909090909
13.0 189.27272727272728
14.0 188.6818181818182
15.0 188.4090909090909
16.0 187.9090909090909
17.0 187.1818181818182
18.0 186.0
19.0 184.72727272727272
20.0 183.86363636363637
21.0 184.04545454545453
22.0 184.95454545454547
23.0 184.5
24.0 186.5909090909091
25.0 188.1818181818182
26.0 191.3181818181818
27.0 191.0909090909091
28.0 192.5
29.0 193.63636363636363
30.0 194.86363636363637
31.0 194.8181818181818
32.0 194.86363636363637
33.0 194.77272727272728
34.0 194.9090909090909
35.0 194.27272727272728
36.0 193.95454545454547
37.0 193.54545454545453
38.0 193.6818181818182