1.0 150.9655172413793
2.0 150.17241379310346
3.0 150.18965517241378
4.0 151.5
5.0 151.6206896551724
6.0 150.86206896551724
7.0 150.89655172413794
8.0 151.41379310344828
9.0 152.41379310344828
10.0 152.9655172413793
11.0 152.67241379310346
12.0 149.91379310344828
13.0 146.48275862068965
14.0 143.20689655172413
15.0 145.1551724137931
16.0 145.79310344827587
17.0 143.17241379310346
18.0 139.48275862068965
19.0 135.63793103448276
20.0 130.75862068965517
21.0 127.01724137931035
22.0 127.1896551724138
23.0 133.0344827586207
24.0 140.31034482758622
25.0 143.74137931034483
26.0 148.32758620689654
27.0 153.5344827586207
28.0 154.13793103448276
29.0 154.3448275862069
30.0 153.74137931034483
31.0 153.22413793103448

