1.0 151.73333333333332
2.0 150.03333333333333
3.0 150.56666666666666
4.0 151.33333333333334
5.0 146.43333333333334
6.0 142.6
7.0 142.86666666666667
8.0 141.63333333333333
9.0 141.1
10.0 146.7
11.0 149.2
12.0 150.73333333333332
13.0 152.46666666666667
14.0 152.26666666666668
15.0 153.53333333333333
16.0 152.73333333333332
17.0 154.13333333333333
18.0 153.5
19.0 152.36666666666667
20.0 150.9
21.0 153.1
22.0 154.26666666666668
23.0 152.66666666666666
24.0 153.0
25.0 154.4
26.0 154.7
27.0 154.23333333333332
28.0 152.86666666666667
29.0 151.53333333333333
30.0 152.33333333333334
31.0 153.96666666666667
32.0 150.36666666666667
33.0 147.26666666666668
34.0 143.96666666666667
35.0 138.63333333333333
36.0 133.96666666666667
37.0 128.86666666666667
38.0 122.5
39.0 119.4
40.0 117.86666666666666
41.0 116.2
42.0 118.73333333333333
43.0 123.06666666666666
44.0 131.43333333333334
45.0 136.23333333333332
46.0 142.53333333333333
47.0 150.13333333333333
48.0 153.73333333333332
49.0 153.16666666666666
50.0 152.33333333333334
51.0 152.66666666666666

