1.0 127.03488372093024
2.0 127.47674418604652
3.0 128.2906976744186
4.0 128.4418604651163
5.0 128.5581395348837
6.0 128.19767441860466
7.0 128.36046511627907
8.0 128.40697674418604
9.0 127.55813953488372
10.0 126.16279069767442
11.0 124.40697674418605
12.0 123.51162790697674
13.0 124.03488372093024
14.0 125.5813953488372
15.0 126.81395348837209
16.0 128.19767441860466
17.0 129.67441860465115
18.0 130.22093023255815
19.0 130.48837209302326
20.0 129.82558139534885
21.0 128.88372093023256
22.0 129.84883720930233
23.0 130.7325581395349
24.0 130.59302325581396
25.0 130.4418604651163
26.0 130.36046511627907
27.0 130.65116279069767
28.0 131.30232558139534
29.0 130.8953488372093
30.0 130.45348837209303
31.0 130.54651162790697

