1.0 142.6
2.0 142.46666666666667
3.0 142.86666666666667
4.0 143.16666666666666
5.0 143.1
6.0 142.5
7.0 141.6
8.0 140.6
9.0 140.8
10.0 141.1
11.0 140.46666666666667
12.0 141.23333333333332
13.0 139.86666666666667
14.0 136.8
15.0 128.9
16.0 120.0
17.0 117.8
18.0 123.56666666666666
19.0 130.83333333333334
20.0 137.13333333333333
21.0 138.76666666666668
22.0 139.03333333333333
23.0 138.6
24.0 139.2
25.0 137.73333333333332
26.0 138.06666666666666
27.0 137.03333333333333
28.0 137.06666666666666
29.0 137.76666666666668
30.0 136.73333333333332
31.0 135.4
32.0 134.73333333333332
33.0 134.6
34.0 136.1
35.0 136.46666666666667
36.0 135.53333333333333
37.0 134.8
38.0 134.36666666666667
39.0 134.53333333333333
40.0 133.06666666666666
41.0 133.33333333333334
42.0 134.23333333333332
43.0 133.1
44.0 132.93333333333334
45.0 133.16666666666666
46.0 131.2
47.0 130.03333333333333
48.0 122.8
49.0 123.8
50.0 129.8
51.0 130.1
52.0 130.26666666666668
53.0 129.1
54.0 127.13333333333334
55.0 126.7
56.0 126.13333333333334
57.0 126.2
58.0 126.43333333333334
59.0 126.7
60.0 126.26666666666667
61.0 125.1
62.0 124.1
63.0 123.8
64.0 122.83333333333333
65.0 122.6
66.0 121.83333333333333
67.0 122.53333333333333
68.0 120.1
69.0 119.1
70.0 121.43333333333334
71.0 119.23333333333333
72.0 119.5
73.0 119.23333333333333
74.0 118.73333333333333
75.0 117.03333333333333
76.0 116.33333333333333
77.0 116.23333333333333
78.0 115.8
79.0 117.06666666666666
80.0 115.13333333333334
81.0 115.1
82.0 112.93333333333334
83.0 111.26666666666667

