1.0 235.98181818181817
2.0 235.52727272727273
3.0 235.74545454545455
4.0 235.85454545454544
5.0 236.23636363636365
6.0 235.76363636363635
7.0 236.21818181818182
8.0 236.27272727272728
9.0 236.36363636363637
10.0 236.12727272727273
11.0 236.0
12.0 236.01818181818183
13.0 235.8909090909091
14.0 235.8909090909091
15.0 235.61818181818182
16.0 235.12727272727273
17.0 234.70909090909092
18.0 234.45454545454547
19.0 234.34545454545454
20.0 233.4181818181818
21.0 232.63636363636363
22.0 231.34545454545454
23.0 231.72727272727272
24.0 231.8909090909091
25.0 232.74545454545455
26.0 232.29090909090908
27.0 233.0
28.0 233.56363636363636
29.0 234.72727272727272
30.0 235.47272727272727
31.0 236.61818181818182
32.0 236.74545454545455
33.0 237.6727272727273
34.0 237.21818181818182
35.0 238.36363636363637
36.0 238.29090909090908
37.0 238.70909090909092
38.0 238.45454545454547
39.0 238.8909090909091
40.0 238.85454545454544
41.0 238.8181818181818
42.0 238.23636363636365
43.0 238.3090909090909
44.0 238.4
45.0 238.96363636363637
46.0 238.76363636363635
47.0 239.0

