1.0 215.15
2.0 215.1
3.0 215.6
4.0 215.45
5.0 215.825
6.0 215.95
7.0 216.225
8.0 216.125
9.0 216.475
10.0 216.2
11.0 216.5
12.0 216.0
13.0 216.05
14.0 216.7
15.0 217.15
16.0 217.25
17.0 217.825
18.0 217.775
19.0 217.725
20.0 217.5
21.0 217.85
22.0 217.675
23.0 218.375
24.0 217.65
25.0 217.725
26.0 217.475
27.0 217.825
28.0 218.075
29.0 218.15
30.0 218.05
31.0 217.9
32.0 217.45
33.0 217.4
34.0 217.3
35.0 218.125
36.0 218.75
37.0 219.4
38.0 219.375
39.0 219.9
40.0 219.625
41.0 219.9
42.0 219.55
43.0 219.95
44.0 219.375
45.0 219.475
46.0 219.825
47.0 220.1

