1.0 246.8181818181818
2.0 246.72727272727272
3.0 246.0
4.0 246.12121212121212
5.0 245.57575757575756
6.0 246.24242424242425
7.0 246.06060606060606
8.0 246.06060606060606
9.0 246.0909090909091
10.0 246.0
11.0 245.9090909090909
12.0 245.9090909090909
13.0 246.0909090909091
14.0 245.66666666666666
15.0 245.93939393939394
16.0 246.6969696969697
17.0 246.33333333333334
18.0 246.33333333333334
19.0 246.33333333333334
20.0 246.42424242424244
21.0 245.9090909090909
22.0 246.27272727272728
23.0 246.36363636363637
24.0 246.75757575757575
25.0 246.33333333333334
26.0 246.4848484848485
27.0 247.12121212121212
28.0 247.3939393939394
29.0 247.21212121212122
30.0 247.72727272727272
31.0 247.57575757575756
32.0 247.63636363636363
33.0 247.36363636363637
34.0 247.33333333333334
35.0 247.06060606060606
36.0 247.96969696969697
37.0 247.66666666666666
38.0 248.24242424242425
39.0 247.8181818181818
40.0 247.84848484848484
41.0 247.78787878787878
42.0 247.4848484848485
43.0 247.78787878787878
44.0 247.63636363636363
45.0 247.78787878787878
46.0 247.63636363636363
47.0 247.63636363636363

