1.0 215.52272727272728
2.0 215.52272727272728
3.0 215.5909090909091
4.0 215.63636363636363
5.0 216.25
6.0 216.0909090909091
7.0 216.61363636363637
8.0 216.4318181818182
9.0 216.88636363636363
10.0 216.79545454545453
11.0 217.20454545454547
12.0 217.20454545454547
13.0 217.54545454545453
14.0 217.4318181818182
15.0 217.5
16.0 217.25
17.0 216.9318181818182
18.0 216.4090909090909
19.0 216.4318181818182
20.0 216.95454545454547
21.0 218.04545454545453
22.0 218.38636363636363
23.0 218.38636363636363
24.0 217.97727272727272
25.0 218.0
26.0 217.79545454545453
27.0 217.86363636363637
28.0 217.54545454545453
29.0 217.6818181818182
30.0 217.63636363636363
31.0 218.13636363636363
32.0 218.36363636363637
33.0 218.9318181818182
34.0 218.95454545454547
35.0 219.0909090909091
36.0 219.0909090909091
37.0 219.3409090909091
38.0 219.20454545454547
39.0 219.5681818181818
40.0 219.5909090909091
41.0 219.5909090909091
42.0 219.3181818181818
43.0 219.6590909090909
44.0 219.9090909090909
45.0 220.25
46.0 220.36363636363637
47.0 220.54545454545453
48.0 220.6818181818182
49.0 221.22727272727272
50.0 221.20454545454547
51.0 221.4090909090909
52.0 221.5681818181818
53.0 221.5909090909091
54.0 221.38636363636363
55.0 221.61363636363637
56.0 221.5
57.0 221.6818181818182

