1.0 239.37037037037038
2.0 239.14814814814815
3.0 239.16666666666666
4.0 238.83333333333334
5.0 239.2037037037037
6.0 238.92592592592592
7.0 239.25925925925927
8.0 239.05555555555554
9.0 239.12962962962962
10.0 238.7037037037037
11.0 239.0185185185185
12.0 238.96296296296296
13.0 239.0185185185185
14.0 238.77777777777777
15.0 238.9814814814815
16.0 238.59259259259258
17.0 238.96296296296296
18.0 238.85185185185185
19.0 239.03703703703704
20.0 238.7962962962963
21.0 238.83333333333334
22.0 238.5185185185185
23.0 238.8148148148148
24.0 238.77777777777777
25.0 238.55555555555554
26.0 238.37037037037038
27.0 238.66666666666666
28.0 238.3148148148148
29.0 238.74074074074073
30.0 238.53703703703704
31.0 238.59259259259258
32.0 238.05555555555554
33.0 238.72222222222223
34.0 238.2962962962963
35.0 238.37037037037038
36.0 237.5185185185185
37.0 237.5
38.0 235.88888888888889
39.0 235.5185185185185
40.0 234.3148148148148
41.0 234.22222222222223
42.0 232.33333333333334
43.0 231.90740740740742
44.0 231.37037037037038
45.0 232.03703703703704
46.0 232.6851851851852
47.0 233.27777777777777
48.0 232.72222222222223
49.0 232.8148148148148
50.0 233.35185185185185
51.0 234.59259259259258
52.0 235.16666666666666
53.0 235.96296296296296
54.0 236.35185185185185
55.0 237.2037037037037
56.0 236.5185185185185
57.0 236.46296296296296
58.0 236.11111111111111
59.0 235.9814814814815
60.0 235.6851851851852
61.0 235.74074074074073
62.0 235.35185185185185
63.0 235.61111111111111
64.0 235.38888888888889
65.0 235.62962962962962
66.0 235.25925925925927
67.0 235.27777777777777
68.0 234.62962962962962
69.0 234.59259259259258
70.0 234.14814814814815
71.0 234.1851851851852
72.0 233.59259259259258
73.0 233.74074074074073
74.0 233.03703703703704
75.0 233.07407407407408
76.0 232.5185185185185
77.0 232.46296296296296
78.0 232.09259259259258
79.0 232.37037037037038
80.0 231.57407407407408
81.0 231.55555555555554
82.0 231.0185185185185
83.0 230.9814814814815
84.0 230.22222222222223
85.0 230.27777777777777
86.0 229.75925925925927
87.0 229.6851851851852
88.0 228.88888888888889
89.0 228.85185185185185
90.0 228.07407407407408
91.0 227.90740740740742
92.0 227.14814814814815
