1.0 115.35
2.0 114.73333333333333
3.0 114.36666666666666
4.0 114.48333333333333
5.0 114.33333333333333
6.0 113.68333333333334
7.0 113.31666666666666
8.0 113.4
9.0 113.56666666666666
10.0 111.13333333333334
11.0 107.46666666666667
12.0 105.2
13.0 103.6
14.0 102.76666666666667
15.0 104.06666666666666
16.0 105.23333333333333
17.0 108.13333333333334
18.0 108.83333333333333
19.0 110.2
20.0 109.8
21.0 108.96666666666667
22.0 108.91666666666667
23.0 108.18333333333334
24.0 107.75
25.0 107.13333333333334

