21.0 100.96666666666667
22.0 105.6
23.0 111.93333333333334
24.0 116.4
25.0 117.1
26.0 116.06666666666666
27.0 116.16666666666667
28.0 115.96666666666667
29.0 114.56666666666666
30.0 114.0
31.0 113.7
32.0 112.43333333333334
33.0 113.93333333333334
34.0 112.2
35.0 110.66666666666667
36.0 110.03333333333333
37.0 109.9
38.0 110.03333333333333
39.0 110.53333333333333
40.0 110.8
41.0 109.13333333333334
42.0 107.43333333333334
43.0 107.63333333333334
44.0 104.7
45.0 97.2
46.0 90.36666666666666
47.0 90.8
