1.0 128.93333333333334
2.0 127.86666666666666
3.0 127.26666666666667
4.0 126.96666666666667
5.0 126.86666666666666
6.0 126.6
7.0 125.8
8.0 124.43333333333334
9.0 124.1
10.0 124.4
11.0 124.66666666666667
12.0 124.73333333333333
13.0 124.6
14.0 124.43333333333334
15.0 123.86666666666666
16.0 123.2
17.0 122.36666666666666
18.0 120.73333333333333
19.0 113.73333333333333
20.0 105.93333333333334
21.0 100.96666666666667
22.0 105.6
23.0 111.93333333333334
24.0 116.4
25.0 117.1
26.0 116.06666666666666
27.0 116.16666666666667
28.0 115.96666666666667
29.0 114.56666666666666
30.0 114.0
31.0 113.7
32.0 112.43333333333334
33.0 113.93333333333334
34.0 112.2
35.0 110.66666666666667
36.0 110.03333333333333
37.0 109.9
38.0 110.03333333333333
39.0 110.53333333333333
40.0 110.8
41.0 109.13333333333334
42.0 107.43333333333334
43.0 107.63333333333334
44.0 104.7
45.0 97.2
46.0 90.36666666666666
47.0 90.8
48.0 97.43333333333334
49.0 100.36666666666666
50.0 100.23333333333333
51.0 99.83333333333333
52.0 99.53333333333333
53.0 99.0
54.0 97.73333333333333
55.0 96.46666666666667
56.0 96.26666666666667
57.0 96.2
58.0 94.86666666666666
59.0 94.53333333333333
60.0 94.53333333333333
61.0 92.76666666666667
62.0 91.33333333333333
63.0 91.36666666666666
64.0 91.6
