1.0 147.40697674418604
2.0 147.12790697674419
3.0 146.80232558139534
4.0 147.3372093023256
5.0 146.7093023255814
6.0 144.47674418604652
7.0 142.3372093023256
8.0 140.40697674418604
9.0 139.88372093023256
10.0 141.45348837209303
11.0 143.36046511627907
12.0 145.06976744186048
13.0 147.45348837209303
14.0 147.47674418604652
15.0 145.13953488372093
16.0 143.47674418604652
17.0 139.3953488372093
18.0 140.97674418604652
19.0 142.6046511627907
20.0 143.45348837209303
21.0 143.7325581395349
22.0 143.88372093023256
23.0 146.40697674418604
24.0 149.22093023255815
25.0 149.54651162790697
26.0 148.97674418604652
27.0 148.27906976744185
28.0 148.88372093023256
29.0 149.01162790697674
30.0 148.82558139534885
31.0 148.95348837209303

