1.0 142.06666666666666
2.0 142.2
3.0 142.23333333333332
4.0 142.83333333333334
5.0 144.33333333333334
6.0 144.2
7.0 142.1
8.0 134.33333333333334
9.0 130.33333333333334
10.0 119.86666666666666
11.0 119.83333333333333
12.0 125.03333333333333
13.0 129.23333333333332
14.0 137.16666666666666
15.0 142.23333333333332
16.0 144.3
17.0 144.56666666666666
18.0 147.23333333333332
19.0 146.46666666666667
20.0 145.5
21.0 147.9
22.0 147.46666666666667
23.0 148.1
24.0 145.5
25.0 144.1
26.0 145.53333333333333
27.0 142.5
28.0 137.03333333333333
29.0 131.2
30.0 131.1
31.0 132.56666666666666
32.0 133.66666666666666
33.0 138.66666666666666
34.0 143.73333333333332
35.0 148.06666666666666
36.0 147.4
37.0 148.73333333333332
38.0 148.4
39.0 148.9
40.0 149.0
41.0 148.63333333333333
42.0 149.46666666666667
43.0 150.36666666666667
44.0 149.86666666666667
45.0 150.56666666666666
46.0 150.76666666666668
47.0 151.5
48.0 150.56666666666666
49.0 148.96666666666667
50.0 149.4
51.0 151.16666666666666
52.0 152.4
53.0 151.66666666666666
54.0 150.6
55.0 151.96666666666667
56.0 151.9
57.0 152.26666666666668
58.0 151.06666666666666
59.0 151.96666666666667
60.0 151.83333333333334
61.0 151.7
62.0 147.36666666666667
63.0 147.26666666666668
64.0 145.56666666666666
65.0 142.83333333333334
66.0 149.7
67.0 151.83333333333334
68.0 153.7
69.0 152.2
70.0 152.53333333333333
71.0 153.06666666666666
72.0 153.7
73.0 153.56666666666666
74.0 153.13333333333333
75.0 153.86666666666667
76.0 154.53333333333333
77.0 154.13333333333333
78.0 153.46666666666667
79.0 153.93333333333334
80.0 153.03333333333333
81.0 154.5
82.0 155.43333333333334
83.0 153.66666666666666

