1.0 185.48717948717947
2.0 185.64102564102564
3.0 185.48717948717947
4.0 186.23076923076923
5.0 186.51282051282053
6.0 185.82051282051282
7.0 185.71794871794873
8.0 185.2051282051282
9.0 185.25641025641025
10.0 183.7948717948718
11.0 182.82051282051282
12.0 180.33333333333334
13.0 180.0
14.0 179.0
15.0 178.66666666666666
16.0 172.33333333333334
17.0 171.7948717948718
18.0 171.94871794871796
19.0 173.74358974358975
20.0 173.64102564102564
21.0 178.0
22.0 175.02564102564102
23.0 175.94871794871796
24.0 177.74358974358975
25.0 181.66666666666666
26.0 182.0
27.0 184.51282051282053
28.0 186.10256410256412
29.0 188.43589743589743
30.0 189.6153846153846
31.0 190.56410256410257
32.0 191.97435897435898

