1.0 192.94871794871796
2.0 192.89743589743588
3.0 193.15384615384616
4.0 193.69230769230768
5.0 193.23076923076923
6.0 192.94871794871796
7.0 193.12820512820514
8.0 193.69230769230768
9.0 193.23076923076923
10.0 193.23076923076923
11.0 193.12820512820514
12.0 192.94871794871796
13.0 192.56410256410257
14.0 191.92307692307693
15.0 192.46153846153845
16.0 192.71794871794873
17.0 192.0
18.0 191.15384615384616
19.0 189.82051282051282
20.0 188.7948717948718
21.0 189.10256410256412
22.0 189.87179487179486
23.0 190.25641025641025
24.0 191.12820512820514
25.0 192.23076923076923
26.0 192.7948717948718
27.0 192.71794871794873
28.0 193.4102564102564
29.0 193.3846153846154
30.0 193.71794871794873
31.0 193.64102564102564
32.0 193.46153846153845

