1.0 193.86486486486487
2.0 194.72972972972974
3.0 194.13513513513513
4.0 194.05405405405406
5.0 193.56756756756758
6.0 194.64864864864865
7.0 193.94594594594594
8.0 194.1891891891892
9.0 193.24324324324326
10.0 195.16216216216216
11.0 193.75675675675674
12.0 193.8108108108108
13.0 191.51351351351352
14.0 192.16216216216216
15.0 191.6216216216216
16.0 191.21621621621622
17.0 190.13513513513513
18.0 190.1891891891892
19.0 189.54054054054055
20.0 189.78378378378378
21.0 189.75675675675674
22.0 190.43243243243242
23.0 191.51351351351352
24.0 191.78378378378378
25.0 192.2972972972973
26.0 192.02702702702703
27.0 193.27027027027026
28.0 194.0810810810811
29.0 193.16216216216216
30.0 192.75675675675674
31.0 191.72972972972974
32.0 192.2972972972973
33.0 192.02702702702703
34.0 192.54054054054055
35.0 192.2972972972973
36.0 192.97297297297297
37.0 192.24324324324326
38.0 192.8108108108108
39.0 192.40540540540542
40.0 192.8108108108108

