1.0 196.94594594594594
2.0 197.21621621621622
3.0 196.9189189189189
4.0 196.9189189189189
5.0 196.64864864864865
6.0 198.2972972972973
7.0 196.64864864864865
8.0 196.75675675675674
9.0 195.21621621621622
10.0 196.86486486486487
11.0 196.05405405405406
12.0 195.7027027027027
13.0 194.48648648648648
14.0 194.27027027027026
15.0 193.16216216216216
16.0 192.83783783783784
17.0 191.72972972972974
18.0 191.1891891891892
19.0 191.3783783783784
20.0 192.59459459459458
21.0 192.75675675675674
22.0 193.16216216216216
23.0 193.45945945945945
24.0 193.21621621621622
25.0 194.75675675675674
26.0 195.78378378378378
27.0 196.05405405405406
28.0 196.48648648648648
29.0 195.78378378378378
30.0 196.35135135135135
31.0 194.86486486486487
32.0 195.7027027027027
33.0 194.9189189189189
34.0 195.7027027027027
35.0 195.40540540540542
36.0 196.05405405405406
37.0 194.86486486486487
38.0 194.97297297297297
39.0 195.02702702702703
40.0 195.54054054054055

