1.0 198.51351351351352
2.0 197.7027027027027
3.0 198.27027027027026
4.0 197.2972972972973
5.0 197.43243243243242
6.0 197.21621621621622
7.0 198.27027027027026
8.0 198.27027027027026
9.0 199.27027027027026
10.0 198.59459459459458
11.0 199.6216216216216
12.0 197.51351351351352
13.0 198.8108108108108
14.0 196.43243243243242
15.0 196.72972972972974
16.0 193.8108108108108
17.0 193.8918918918919
18.0 192.67567567567568
19.0 192.64864864864865
20.0 191.72972972972974
21.0 193.05405405405406
22.0 194.43243243243242
23.0 196.0810810810811
24.0 195.40540540540542
25.0 194.83783783783784
26.0 195.64864864864865
27.0 195.54054054054055
28.0 196.6216216216216
29.0 197.02702702702703
30.0 197.67567567567568
31.0 197.54054054054055
32.0 197.43243243243242
33.0 197.45945945945945
34.0 197.24324324324326
35.0 197.0810810810811
36.0 196.32432432432432
37.0 196.8108108108108
38.0 195.8918918918919
39.0 196.2972972972973
40.0 196.51351351351352

