1.0 200.13513513513513
2.0 199.8108108108108
3.0 200.72972972972974
4.0 200.0
5.0 200.0810810810811
6.0 199.97297297297297
7.0 200.7027027027027
8.0 200.48648648648648
9.0 201.13513513513513
10.0 199.94594594594594
11.0 201.1081081081081
12.0 199.7027027027027
13.0 201.1891891891892
14.0 198.86486486486487
15.0 198.7027027027027
16.0 196.43243243243242
17.0 196.43243243243242
18.0 195.56756756756758
19.0 194.94594594594594
20.0 195.05405405405406
21.0 195.59459459459458
22.0 195.8918918918919
23.0 197.16216216216216
24.0 196.48648648648648
25.0 196.16216216216216
26.0 196.54054054054055
27.0 197.7027027027027
28.0 199.24324324324326
29.0 199.51351351351352
30.0 200.1081081081081
31.0 200.48648648648648
32.0 199.6216216216216
33.0 199.56756756756758
34.0 199.54054054054055
35.0 199.86486486486487
36.0 198.75675675675674
37.0 199.64864864864865
38.0 199.78378378378378
39.0 200.1081081081081
40.0 198.97297297297297

