1.0 195.5897435897436
2.0 195.25641025641025
3.0 195.17948717948718
4.0 195.46153846153845
5.0 195.56410256410257
6.0 195.69230769230768
7.0 195.12820512820514
8.0 194.94871794871796
9.0 195.05128205128204
10.0 194.76923076923077
11.0 195.10256410256412
12.0 193.30769230769232
13.0 192.56410256410257
14.0 190.48717948717947
15.0 187.4102564102564
16.0 187.25641025641025
17.0 186.48717948717947
18.0 185.97435897435898
19.0 186.35897435897436
20.0 185.82051282051282
21.0 187.05128205128204
22.0 189.07692307692307
23.0 191.25641025641025
24.0 192.66666666666666
25.0 193.97435897435898
26.0 194.7948717948718
27.0 196.28205128205127
28.0 195.76923076923077
29.0 196.30769230769232
30.0 195.07692307692307
31.0 195.82051282051282
32.0 195.25641025641025

