1.0 195.97435897435898
2.0 196.02564102564102
3.0 196.05128205128204
4.0 195.89743589743588
5.0 196.10256410256412
6.0 195.97435897435898
7.0 196.05128205128204
8.0 195.51282051282053
9.0 195.64102564102564
10.0 195.43589743589743
11.0 195.64102564102564
12.0 195.5897435897436
13.0 195.17948717948718
14.0 194.87179487179486
15.0 194.35897435897436
16.0 193.7948717948718
17.0 193.30769230769232
18.0 191.4102564102564
19.0 190.07692307692307
20.0 191.07692307692307
21.0 192.2051282051282
22.0 193.07692307692307
23.0 194.3846153846154
24.0 194.76923076923077
25.0 196.25641025641025
26.0 195.46153846153845
27.0 196.64102564102564
28.0 196.33333333333334
29.0 196.25641025641025
30.0 195.7948717948718
31.0 196.0
32.0 195.7948717948718

