1.0 197.66666666666666
2.0 197.4102564102564
3.0 197.53846153846155
4.0 197.84615384615384
5.0 197.46153846153845
6.0 197.71794871794873
7.0 196.92307692307693
8.0 196.87179487179486
9.0 196.64102564102564
10.0 196.69230769230768
11.0 196.5897435897436
12.0 195.84615384615384
13.0 195.46153846153845
14.0 194.25641025641025
15.0 192.82051282051282
16.0 191.4102564102564
17.0 191.53846153846155
18.0 192.56410256410257
19.0 193.74358974358975
20.0 194.7948717948718
21.0 195.7948717948718
22.0 196.4102564102564
23.0 196.7948717948718
24.0 197.48717948717947
25.0 197.5897435897436
26.0 198.12820512820514
27.0 197.23076923076923
28.0 197.92307692307693
29.0 197.69230769230768
30.0 197.17948717948718
31.0 197.46153846153845
32.0 197.71794871794873

