1.0 199.66666666666666
2.0 200.0
3.0 199.48717948717947
4.0 200.23076923076923
5.0 198.97435897435898
6.0 199.10256410256412
7.0 199.12820512820514
8.0 199.17948717948718
9.0 199.46153846153845
10.0 199.05128205128204
11.0 198.97435897435898
12.0 199.35897435897436
13.0 199.02564102564102
14.0 199.05128205128204
15.0 198.35897435897436
16.0 197.5897435897436
17.0 196.2051282051282
18.0 193.82051282051282
19.0 194.56410256410257
20.0 194.87179487179486
21.0 195.12820512820514
22.0 196.6153846153846
23.0 196.53846153846155
24.0 197.71794871794873
25.0 197.92307692307693
26.0 199.92307692307693
27.0 199.64102564102564
28.0 200.7948717948718
29.0 200.07692307692307
30.0 200.64102564102564
31.0 199.84615384615384
32.0 200.66666666666666

