1.0 197.33333333333334
2.0 196.87179487179486
3.0 197.17948717948718
4.0 196.71794871794873
5.0 196.94871794871796
6.0 196.35897435897436
7.0 196.69230769230768
8.0 196.35897435897436
9.0 196.02564102564102
10.0 194.94871794871796
11.0 194.3846153846154
12.0 193.5897435897436
13.0 192.5897435897436
14.0 192.02564102564102
15.0 191.0
16.0 187.48717948717947
17.0 187.74358974358975
18.0 186.74358974358975
19.0 187.4102564102564
20.0 188.76923076923077
21.0 189.7948717948718
22.0 190.76923076923077
23.0 192.30769230769232
24.0 194.17948717948718
25.0 195.71794871794873
26.0 196.2051282051282
27.0 196.5897435897436
28.0 197.43589743589743
29.0 197.74358974358975
30.0 197.82051282051282
31.0 197.94871794871796
32.0 197.51282051282053

