1.0 194.40540540540542
2.0 194.16216216216216
3.0 194.1891891891892
4.0 194.6216216216216
5.0 194.1891891891892
6.0 194.40540540540542
7.0 193.56756756756758
8.0 192.45945945945945
9.0 191.6216216216216
10.0 190.05405405405406
11.0 188.32432432432432
12.0 185.64864864864865
13.0 184.0
14.0 184.43243243243242
15.0 181.1081081081081
16.0 177.67567567567568
17.0 175.1081081081081
18.0 174.3783783783784
19.0 173.72972972972974
20.0 173.78378378378378
21.0 173.40540540540542
22.0 175.45945945945945
23.0 179.48648648648648
24.0 174.72972972972974
25.0 174.97297297297297
26.0 174.72972972972974
27.0 177.13513513513513
28.0 179.56756756756758
29.0 179.72972972972974
30.0 180.8918918918919
31.0 181.1081081081081
32.0 181.59459459459458
33.0 181.35135135135135
34.0 181.16216216216216
35.0 180.86486486486487
36.0 180.54054054054055
37.0 180.1081081081081
38.0 179.48648648648648
39.0 179.16216216216216
40.0 178.94594594594594

