1.0 195.13513513513513
2.0 195.45945945945945
3.0 194.7027027027027
4.0 195.21621621621622
5.0 195.2972972972973
6.0 195.7027027027027
7.0 195.21621621621622
8.0 196.45945945945945
9.0 196.16216216216216
10.0 196.86486486486487
11.0 195.32432432432432
12.0 196.27027027027026
13.0 194.6216216216216
14.0 193.64864864864865
15.0 191.0
16.0 190.21621621621622
17.0 190.2972972972973
18.0 188.27027027027026
19.0 183.40540540540542
20.0 187.27027027027026
21.0 187.48648648648648
22.0 188.7027027027027
23.0 188.3783783783784
24.0 189.40540540540542
25.0 188.0
26.0 189.54054054054055
27.0 190.7027027027027
28.0 193.21621621621622
29.0 194.05405405405406
30.0 195.40540540540542
31.0 195.48648648648648
32.0 195.67567567567568
33.0 195.56756756756758
34.0 196.0810810810811
35.0 194.8918918918919
36.0 194.83783783783784
37.0 194.7027027027027
38.0 195.72972972972974
39.0 195.1891891891892
40.0 195.21621621621622

