1.0 197.7027027027027
2.0 198.32432432432432
3.0 198.43243243243242
4.0 198.9189189189189
5.0 197.83783783783784
6.0 198.54054054054055
7.0 198.1081081081081
8.0 199.6216216216216
9.0 198.40540540540542
10.0 198.59459459459458
11.0 197.54054054054055
12.0 197.64864864864865
13.0 195.9189189189189
14.0 194.24324324324326
15.0 192.64864864864865
16.0 191.94594594594594
17.0 189.2972972972973
18.0 187.6216216216216
19.0 186.43243243243242
20.0 188.48648648648648
21.0 189.64864864864865
22.0 190.94594594594594
23.0 190.05405405405406
24.0 190.94594594594594
25.0 191.1891891891892
26.0 193.1081081081081
27.0 193.64864864864865
28.0 195.59459459459458
29.0 196.05405405405406
30.0 197.05405405405406
31.0 196.2972972972973
32.0 196.48648648648648
33.0 196.24324324324326
34.0 196.02702702702703
35.0 195.32432432432432
36.0 195.1081081081081
37.0 194.2972972972973
38.0 193.86486486486487
39.0 193.75675675675674
40.0 193.64864864864865

