1.0 115.17777777777778
2.0 115.93333333333334
3.0 116.17777777777778
4.0 116.2
5.0 117.15555555555555
6.0 117.53333333333333
7.0 117.0
8.0 116.46666666666667
9.0 114.75555555555556
10.0 112.66666666666667
11.0 111.8
12.0 113.91111111111111
13.0 112.77777777777777
14.0 110.02222222222223
15.0 105.0
16.0 100.73333333333333
17.0 96.55555555555556
18.0 96.11111111111111
19.0 97.53333333333333
20.0 100.57777777777778
21.0 108.13333333333334
22.0 110.84444444444445
23.0 113.11111111111111
24.0 117.22222222222223
25.0 120.15555555555555
26.0 121.97777777777777
27.0 121.02222222222223
28.0 121.26666666666667
29.0 121.73333333333333
30.0 121.04444444444445
31.0 121.91111111111111

