1.0 99.33333333333333
2.0 99.86666666666666
3.0 101.36666666666666
4.0 103.13333333333334
5.0 103.2
6.0 103.36666666666666
7.0 105.0
8.0 106.53333333333333
9.0 107.7
10.0 109.03333333333333
11.0 110.9
12.0 112.4
13.0 105.76666666666667
14.0 100.8
15.0 99.53333333333333
16.0 101.93333333333334
17.0 104.7
18.0 108.6
19.0 114.63333333333334
20.0 115.0
21.0 116.13333333333334
22.0 116.73333333333333
23.0 117.06666666666666
24.0 114.36666666666666
25.0 115.93333333333334
26.0 116.1
27.0 115.5
28.0 112.03333333333333
29.0 118.26666666666667
30.0 113.1
31.0 106.26666666666667
32.0 106.03333333333333
33.0 98.63333333333334
34.0 95.13333333333334
35.0 92.93333333333334
36.0 88.63333333333334
37.0 89.4
38.0 95.86666666666666
39.0 104.36666666666666
40.0 111.93333333333334
41.0 120.1
42.0 125.36666666666666
43.0 125.13333333333334
44.0 125.1
45.0 125.46666666666667
46.0 125.66666666666667
47.0 125.13333333333334
48.0 125.63333333333334
49.0 126.56666666666666
50.0 126.56666666666666
51.0 127.93333333333334
52.0 129.4
53.0 129.6
54.0 128.86666666666667
55.0 128.46666666666667
56.0 129.33333333333334
57.0 129.73333333333332

