1.0 198.67567567567568
2.0 198.83783783783784
3.0 198.86486486486487
4.0 198.1081081081081
5.0 198.51351351351352
6.0 198.40540540540542
7.0 199.27027027027026
8.0 198.32432432432432
9.0 198.97297297297297
10.0 198.2972972972973
11.0 198.24324324324326
12.0 198.21621621621622
13.0 199.0810810810811
14.0 198.45945945945945
15.0 199.64864864864865
16.0 198.72972972972974
17.0 200.35135135135135
18.0 198.32432432432432
19.0 199.56756756756758
20.0 198.05405405405406
21.0 198.48648648648648
22.0 196.02702702702703
23.0 195.97297297297297
24.0 194.02702702702703
25.0 193.02702702702703
26.0 189.40540540540542
27.0 188.64864864864865
28.0 191.27027027027026
29.0 193.56756756756758
30.0 193.27027027027026
31.0 193.56756756756758
32.0 193.40540540540542
33.0 195.67567567567568
34.0 196.05405405405406
35.0 197.0
36.0 198.21621621621622
37.0 199.54054054054055
38.0 199.45945945945945
39.0 198.40540540540542
40.0 197.56756756756758
41.0 198.40540540540542
42.0 198.7027027027027
43.0 199.6216216216216
44.0 198.1081081081081
45.0 198.1891891891892
46.0 197.56756756756758
47.0 198.02702702702703
48.0 198.1081081081081
49.0 199.1891891891892
50.0 197.78378378378378
51.0 198.1891891891892
52.0 197.94594594594594
53.0 198.51351351351352
54.0 198.13513513513513
55.0 198.1891891891892
56.0 197.21621621621622
57.0 197.48648648648648
58.0 196.86486486486487
59.0 196.59459459459458
60.0 196.2972972972973
61.0 196.27027027027026

