1.0 197.1891891891892
2.0 196.16216216216216
3.0 196.9189189189189
4.0 197.1081081081081
5.0 197.75675675675674
6.0 197.1081081081081
7.0 196.94594594594594
8.0 196.21621621621622
9.0 196.75675675675674
10.0 197.1081081081081
11.0 197.8918918918919
12.0 197.32432432432432
13.0 197.8108108108108
14.0 196.7027027027027
15.0 196.8108108108108
16.0 196.3783783783784
17.0 197.16216216216216
18.0 197.21621621621622
19.0 198.16216216216216
20.0 197.8108108108108
21.0 198.05405405405406
22.0 196.45945945945945
23.0 198.32432432432432
24.0 196.48648648648648
25.0 196.51351351351352
26.0 194.16216216216216
27.0 194.0
28.0 193.16216216216216
29.0 193.0
30.0 192.56756756756758
31.0 193.21621621621622
32.0 193.86486486486487
33.0 194.8108108108108
34.0 193.40540540540542
35.0 192.97297297297297
36.0 194.1081081081081
37.0 195.27027027027026
38.0 195.97297297297297
39.0 194.8108108108108
40.0 195.40540540540542
41.0 196.8108108108108
42.0 197.0810810810811
43.0 196.67567567567568
44.0 195.72972972972974
45.0 196.3783783783784
46.0 195.54054054054055
47.0 195.2972972972973
48.0 194.86486486486487
49.0 195.8918918918919
50.0 195.8918918918919
51.0 196.16216216216216
52.0 195.40540540540542
53.0 195.64864864864865
54.0 195.32432432432432
55.0 194.64864864864865
56.0 193.83783783783784
57.0 195.72972972972974
58.0 196.24324324324326
59.0 197.1081081081081
60.0 195.7027027027027
61.0 195.83783783783784

