1.0 196.0
2.0 196.56756756756758
3.0 196.02702702702703
4.0 196.67567567567568
5.0 196.2972972972973
6.0 196.6216216216216
7.0 195.56756756756758
8.0 196.43243243243242
9.0 196.13513513513513
10.0 195.56756756756758
11.0 195.32432432432432
12.0 196.0
13.0 196.16216216216216
14.0 196.24324324324326
15.0 196.16216216216216
16.0 196.43243243243242
17.0 195.54054054054055
18.0 194.9189189189189
19.0 193.51351351351352
20.0 191.83783783783784
21.0 190.72972972972974
22.0 188.8108108108108
23.0 187.43243243243242
24.0 186.51351351351352
25.0 182.3783783783784
26.0 181.72972972972974
27.0 177.1891891891892
28.0 175.0810810810811
29.0 180.7027027027027
30.0 183.45945945945945
31.0 182.05405405405406
32.0 181.16216216216216
33.0 181.8918918918919
34.0 183.97297297297297
35.0 185.51351351351352
36.0 187.13513513513513
37.0 186.83783783783784
38.0 188.05405405405406
39.0 188.27027027027026
40.0 188.67567567567568
41.0 188.35135135135135
42.0 187.97297297297297
43.0 187.1891891891892
44.0 186.67567567567568
45.0 186.1081081081081
46.0 185.51351351351352
47.0 185.2972972972973
48.0 185.1081081081081
49.0 184.7027027027027
50.0 184.02702702702703
51.0 183.67567567567568
52.0 183.05405405405406
53.0 182.8918918918919
54.0 182.1081081081081
55.0 181.21621621621622
56.0 180.02702702702703
57.0 179.32432432432432
58.0 178.27027027027026
59.0 177.8108108108108
60.0 177.13513513513513
61.0 176.56756756756758

