1.0 191.7027027027027
2.0 190.78378378378378
3.0 191.02702702702703
4.0 190.75675675675674
5.0 191.24324324324326
6.0 190.8108108108108
7.0 190.78378378378378
8.0 190.83783783783784
9.0 191.21621621621622
10.0 190.48648648648648
11.0 190.7027027027027
12.0 190.7027027027027
13.0 191.51351351351352
14.0 190.8918918918919
15.0 190.97297297297297
16.0 190.35135135135135
17.0 191.02702702702703
18.0 190.7027027027027
19.0 191.32432432432432
20.0 190.9189189189189
21.0 192.40540540540542
22.0 191.7027027027027
23.0 192.35135135135135
24.0 190.54054054054055
25.0 191.24324324324326
26.0 189.0
27.0 188.40540540540542
28.0 185.9189189189189
29.0 186.24324324324326
30.0 185.8918918918919
31.0 185.8918918918919
32.0 184.67567567567568
33.0 185.51351351351352
34.0 185.97297297297297
35.0 187.0
36.0 187.16216216216216
37.0 187.6216216216216
38.0 188.83783783783784
39.0 188.8918918918919
40.0 189.7027027027027
41.0 188.59459459459458
42.0 189.97297297297297
43.0 190.13513513513513
44.0 190.8108108108108
45.0 190.67567567567568
46.0 190.24324324324326
47.0 189.56756756756758
48.0 189.13513513513513
49.0 190.1891891891892
50.0 190.0
51.0 189.21621621621622
52.0 188.83783783783784
53.0 189.54054054054055
54.0 189.78378378378378
55.0 190.27027027027026
56.0 189.40540540540542
57.0 189.43243243243242
58.0 189.40540540540542
59.0 190.24324324324326
60.0 189.27027027027026
61.0 190.13513513513513

