1.0 219.02173913043478
2.0 219.02173913043478
3.0 219.1086956521739
4.0 218.93478260869566
5.0 219.52173913043478
6.0 219.04347826086956
7.0 219.2391304347826
8.0 219.19565217391303
9.0 219.56521739130434
10.0 219.5
11.0 219.2608695652174
12.0 219.17391304347825
13.0 219.2391304347826
14.0 219.2826086956522
15.0 219.6086956521739
16.0 219.6304347826087
17.0 220.06521739130434
18.0 219.7391304347826
19.0 219.97826086956522
20.0 219.91304347826087
21.0 220.2826086956522
22.0 220.47826086956522
23.0 220.2608695652174
24.0 220.19565217391303
25.0 220.1086956521739
26.0 220.08695652173913
27.0 220.5
28.0 220.43478260869566
29.0 220.3913043478261
30.0 220.32608695652175
31.0 220.43478260869566
32.0 220.08695652173913
33.0 220.47826086956522
34.0 220.5
35.0 220.69565217391303
36.0 220.67391304347825
37.0 220.80434782608697
38.0 220.47826086956522
39.0 220.69565217391303
40.0 220.58695652173913
41.0 220.91304347826087
42.0 220.8695652173913
43.0 220.93478260869566
44.0 220.7826086956522
45.0 221.19565217391303
46.0 221.04347826086956
47.0 221.2608695652174
48.0 221.15217391304347
49.0 221.41304347826087
50.0 221.17391304347825
51.0 221.1086956521739
52.0 221.04347826086956
53.0 221.2391304347826
54.0 221.1304347826087
55.0 221.2173913043478
56.0 221.17391304347825
57.0 221.54347826086956
58.0 221.1086956521739
59.0 221.19565217391303
60.0 221.43478260869566
61.0 221.41304347826087
62.0 221.45652173913044
63.0 221.69565217391303
64.0 221.65217391304347
65.0 221.58695652173913
66.0 221.3695652173913
67.0 221.56521739130434
68.0 221.67391304347825
69.0 221.8913043478261
70.0 221.3913043478261
71.0 221.30434782608697
72.0 221.67391304347825
73.0 222.15217391304347
74.0 222.17391304347825
75.0 222.1086956521739
76.0 222.06521739130434
77.0 222.32608695652175
78.0 222.19565217391303
79.0 222.3695652173913
80.0 222.2173913043478
81.0 222.56521739130434
82.0 222.58695652173913
83.0 222.6304347826087
84.0 222.43478260869566
85.0 222.52173913043478
86.0 222.1304347826087
87.0 222.3913043478261
88.0 222.2173913043478
89.0 222.41304347826087
90.0 222.52173913043478
91.0 222.69565217391303
92.0 222.8913043478261
93.0 223.1304347826087
94.0 222.8695652173913
95.0 222.8913043478261
96.0 222.93478260869566
97.0 223.2391304347826
98.0 223.1086956521739
99.0 222.95652173913044
100.0 222.7608695652174
101.0 222.93478260869566
102.0 222.7173913043478
103.0 222.7173913043478
104.0 223.0
105.0 222.95652173913044
106.0 222.56521739130434
107.0 222.7608695652174
108.0 222.80434782608697
109.0 222.8695652173913
110.0 222.6304347826087
111.0 222.84782608695653
112.0 222.97826086956522
113.0 223.06521739130434
114.0 222.95652173913044
115.0 222.95652173913044
116.0 222.82608695652175
117.0 223.0
118.0 222.69565217391303
119.0 222.97826086956522
120.0 222.8695652173913
121.0 223.19565217391303
122.0 223.19565217391303
123.0 223.06521739130434
124.0 223.1304347826087
125.0 223.52173913043478
126.0 223.3913043478261
127.0 223.52173913043478
128.0 223.56521739130434
129.0 223.69565217391303
130.0 223.3913043478261
131.0 223.6304347826087
132.0 223.7608695652174
133.0 224.06521739130434
134.0 224.06521739130434
135.0 224.08695652173913
136.0 224.08695652173913
137.0 224.19565217391303
138.0 223.80434782608697
139.0 223.80434782608697
140.0 223.8695652173913
141.0 224.15217391304347
142.0 224.2173913043478
143.0 224.56521739130434
144.0 224.7173913043478
145.0 225.0
146.0 224.93478260869566
147.0 224.91304347826087
148.0 224.8913043478261
149.0 225.30434782608697
150.0 225.0
151.0 225.08695652173913
152.0 225.1086956521739
153.0 225.2391304347826
154.0 225.0
155.0 224.97826086956522
156.0 224.97826086956522
157.0 225.15217391304347
158.0 224.7391304347826
159.0 224.7173913043478
160.0 224.7391304347826
161.0 225.2173913043478
162.0 225.17391304347825
163.0 225.34782608695653
164.0 225.43478260869566
165.0 225.7173913043478
166.0 225.47826086956522
167.0 225.6086956521739
168.0 225.65217391304347
169.0 226.1086956521739
170.0 226.15217391304347
171.0 226.08695652173913
172.0 226.0
173.0 226.34782608695653
174.0 226.52173913043478
175.0 226.7173913043478
176.0 226.67391304347825
177.0 226.97826086956522
178.0 226.7173913043478
179.0 226.7826086956522
180.0 226.6086956521739
181.0 226.47826086956522
182.0 226.08695652173913
183.0 226.30434782608697
184.0 226.1086956521739
185.0 226.30434782608697
186.0 226.45652173913044
187.0 226.8913043478261
188.0 226.7391304347826
189.0 226.84782608695653
190.0 226.7826086956522
191.0 226.97826086956522
192.0 226.7608695652174
193.0 226.7173913043478
194.0 226.2173913043478
195.0 226.41304347826087
196.0 226.2826086956522
197.0 226.30434782608697
198.0 226.19565217391303
199.0 226.32608695652175
200.0 226.47826086956522
201.0 226.80434782608697
202.0 226.95652173913044
203.0 227.3695652173913
204.0 227.34782608695653
205.0 227.3913043478261
206.0 227.41304347826087
207.0 227.56521739130434
208.0 227.45652173913044
209.0 227.41304347826087
210.0 227.52173913043478
211.0 227.69565217391303
212.0 227.6086956521739
213.0 228.15217391304347
214.0 228.1304347826087
215.0 228.02173913043478
216.0 227.82608695652175
217.0 228.15217391304347
218.0 228.08695652173913
219.0 228.2173913043478
220.0 227.97826086956522
221.0 228.15217391304347
222.0 228.02173913043478
223.0 228.19565217391303
224.0 228.19565217391303
225.0 228.15217391304347
226.0 228.2173913043478
227.0 228.41304347826087
228.0 228.47826086956522
229.0 228.69565217391303
230.0 228.47826086956522
231.0 228.54347826086956
232.0 228.56521739130434
233.0 228.7608695652174
234.0 228.7391304347826
235.0 228.95652173913044
236.0 228.97826086956522
237.0 229.3695652173913
238.0 229.3695652173913
239.0 229.45652173913044
240.0 229.04347826086956
241.0 229.17391304347825
242.0 229.08695652173913
243.0 229.15217391304347
244.0 229.2173913043478
245.0 229.2173913043478
246.0 229.2608695652174
247.0 229.2826086956522
248.0 229.30434782608697
249.0 229.54347826086956
250.0 229.54347826086956
251.0 229.93478260869566
252.0 229.7608695652174
253.0 229.8913043478261
254.0 229.7608695652174
255.0 229.93478260869566
256.0 229.8913043478261
257.0 230.0
258.0 229.8695652173913
259.0 229.8695652173913
260.0 229.7173913043478
261.0 229.8913043478261
262.0 229.67391304347825
263.0 229.84782608695653
264.0 229.82608695652175
265.0 230.08695652173913
266.0 229.6086956521739
267.0 229.5
268.0 229.52173913043478
269.0 229.8695652173913
270.0 229.7608695652174
271.0 229.97826086956522
272.0 230.1304347826087
273.0 230.19565217391303
274.0 230.02173913043478
275.0 229.7173913043478
276.0 229.6086956521739
277.0 229.7826086956522
278.0 229.82608695652175
279.0 230.06521739130434
280.0 229.7826086956522
281.0 229.84782608695653
282.0 229.69565217391303
283.0 230.2173913043478
284.0 230.08695652173913
285.0 229.97826086956522
286.0 229.7173913043478
287.0 229.7391304347826
288.0 229.91304347826087
289.0 229.91304347826087
290.0 229.54347826086956
291.0 229.91304347826087
292.0 229.7608695652174
293.0 229.82608695652175
294.0 229.54347826086956
295.0 229.58695652173913
296.0 229.2608695652174
297.0 229.54347826086956
298.0 229.5
299.0 229.84782608695653
300.0 229.93478260869566
301.0 230.15217391304347
302.0 230.02173913043478
303.0 230.08695652173913
304.0 229.84782608695653
305.0 230.02173913043478
306.0 229.8913043478261
307.0 230.06521739130434
308.0 229.7826086956522
309.0 229.80434782608697
310.0 229.5
311.0 229.7608695652174
312.0 229.65217391304347
313.0 229.52173913043478
314.0 229.6086956521739
315.0 229.7173913043478
316.0 229.2173913043478
317.0 229.6086956521739
318.0 229.65217391304347
319.0 229.82608695652175
320.0 229.58695652173913
321.0 229.30434782608697
322.0 229.08695652173913
323.0 229.2173913043478
324.0 228.6304347826087
325.0 228.8913043478261
326.0 228.6086956521739
327.0 228.8695652173913
328.0 228.91304347826087
329.0 228.82608695652175
330.0 228.65217391304347
331.0 228.69565217391303
332.0 228.7608695652174
333.0 228.8913043478261
334.0 228.30434782608697
335.0 228.1304347826087
336.0 227.95652173913044
337.0 228.2826086956522
338.0 228.08695652173913
339.0 228.08695652173913
340.0 227.91304347826087
341.0 227.95652173913044
342.0 227.58695652173913
343.0 227.69565217391303
344.0 227.7391304347826
345.0 227.54347826086956
346.0 227.32608695652175
347.0 227.56521739130434
348.0 227.5
349.0 227.6304347826087
350.0 227.41304347826087
351.0 227.30434782608697
352.0 226.84782608695653
353.0 227.19565217391303
354.0 226.8695652173913
355.0 227.02173913043478
356.0 226.67391304347825
357.0 226.8695652173913
358.0 226.69565217391303
359.0 226.58695652173913
360.0 226.54347826086956
361.0 226.65217391304347
362.0 226.2826086956522
363.0 226.30434782608697
364.0 225.91304347826087
365.0 225.82608695652175
366.0 225.54347826086956
367.0 225.58695652173913
368.0 225.47826086956522
369.0 225.6304347826087
370.0 225.2826086956522
371.0 225.1086956521739
372.0 225.0
373.0 225.3913043478261
374.0 225.34782608695653
375.0 225.54347826086956
376.0 225.3695652173913
377.0 225.2608695652174
378.0 224.8913043478261
379.0 224.93478260869566
380.0 224.65217391304347
381.0 224.8695652173913
382.0 224.7391304347826
383.0 224.34782608695653
384.0 224.32608695652175
385.0 224.65217391304347
386.0 224.34782608695653
387.0 224.2826086956522
388.0 223.82608695652175
389.0 223.97826086956522
390.0 223.82608695652175
391.0 223.82608695652175
392.0 223.52173913043478
393.0 223.7826086956522
394.0 223.7173913043478
395.0 223.7826086956522
396.0 223.43478260869566
397.0 223.58695652173913
398.0 223.58695652173913
399.0 223.32608695652175
400.0 223.17391304347825
401.0 223.3913043478261
402.0 223.15217391304347
403.0 223.32608695652175
404.0 223.17391304347825
405.0 223.2826086956522
406.0 222.6304347826087
407.0 222.56521739130434
408.0 222.56521739130434
409.0 222.91304347826087
410.0 222.56521739130434
411.0 222.41304347826087
412.0 221.91304347826087
413.0 222.32608695652175
414.0 221.82608695652175
415.0 222.1086956521739
416.0 221.7608695652174
417.0 221.8913043478261
418.0 221.7608695652174
419.0 222.34782608695653
420.0 221.84782608695653
421.0 221.69565217391303
422.0 221.3913043478261
423.0 221.3913043478261
424.0 221.02173913043478
425.0 221.1086956521739
426.0 220.34782608695653
427.0 219.65217391304347
428.0 218.2826086956522
429.0 217.47826086956522
430.0 216.0
431.0 214.8913043478261
432.0 213.06521739130434
433.0 211.97826086956522
434.0 210.58695652173913
435.0 210.54347826086956
436.0 211.0
437.0 211.95652173913044
438.0 212.30434782608697
439.0 213.2608695652174
440.0 212.58695652173913
441.0 212.43478260869566
442.0 213.19565217391303
443.0 214.7391304347826
444.0 215.3695652173913
445.0 216.02173913043478
446.0 216.41304347826087
447.0 216.56521739130434
448.0 216.15217391304347
449.0 216.06521739130434
450.0 215.6304347826087
451.0 215.52173913043478
452.0 215.08695652173913
453.0 215.04347826086956
454.0 214.7391304347826
455.0 214.8913043478261
456.0 214.2826086956522
457.0 214.1086956521739
458.0 213.82608695652175
459.0 213.6086956521739
460.0 213.1304347826087
461.0 212.8913043478261
462.0 212.34782608695653
463.0 212.19565217391303
464.0 211.54347826086956
465.0 211.2608695652174
466.0 210.58695652173913
467.0 210.17391304347825
468.0 209.82608695652175
469.0 209.80434782608697
470.0 209.32608695652175
471.0 208.95652173913044

