1.0 154.04761904761904
2.0 153.57142857142858
3.0 153.64285714285714
4.0 153.16666666666666
5.0 152.97619047619048
6.0 152.57142857142858
7.0 152.11904761904762
8.0 151.35714285714286
9.0 151.1904761904762
10.0 150.16666666666666
11.0 149.83333333333334
12.0 148.61904761904762
13.0 148.16666666666666
14.0 148.5952380952381
15.0 149.8095238095238
16.0 148.97619047619048
17.0 148.76190476190476
18.0 148.33333333333334
19.0 149.14285714285714
20.0 148.61904761904762
21.0 149.92857142857142
22.0 149.6904761904762
23.0 150.61904761904762
24.0 149.95238095238096
25.0 149.61904761904762
26.0 148.71428571428572
27.0 149.52380952380952
28.0 149.11904761904762