1.0 178.6904761904762
2.0 177.6904761904762
3.0 176.92857142857142
4.0 176.8095238095238
5.0 176.97619047619048
6.0 176.21428571428572
7.0 176.26190476190476
8.0 174.76190476190476
9.0 173.14285714285714
10.0 171.5952380952381
11.0 170.16666666666666
12.0 168.88095238095238
13.0 168.57142857142858
14.0 167.83333333333334
15.0 168.4047619047619
16.0 168.92857142857142
17.0 169.02380952380952
18.0 168.16666666666666
19.0 168.4047619047619
20.0 168.26190476190476
21.0 168.83333333333334
22.0 168.3095238095238
23.0 168.6904761904762
24.0 167.66666666666666
25.0 167.5
26.0 167.04761904761904
27.0 167.11904761904762
28.0 166.21428571428572