1.0 181.38095238095238
2.0 181.38095238095238
3.0 180.0952380952381
4.0 180.0
5.0 179.9047619047619
6.0 180.0
7.0 178.97619047619048
8.0 177.5952380952381
9.0 174.66666666666666
10.0 172.66666666666666
11.0 170.9047619047619
12.0 171.47619047619048
13.0 171.4047619047619
14.0 172.23809523809524
15.0 172.76190476190476
16.0 173.07142857142858
17.0 172.61904761904762
18.0 172.71428571428572
19.0 172.38095238095238
20.0 172.0952380952381
21.0 171.28571428571428
22.0 171.71428571428572
23.0 171.16666666666666
24.0 171.16666666666666
25.0 170.47619047619048
26.0 170.33333333333334
27.0 169.85714285714286
28.0 170.0