1.0 151.73809523809524
2.0 150.6904761904762
3.0 150.57142857142858
4.0 150.5952380952381
5.0 150.83333333333334
6.0 150.16666666666666
7.0 150.23809523809524
8.0 148.6904761904762
9.0 147.83333333333334
10.0 148.1904761904762
11.0 148.11904761904762
12.0 148.23809523809524
13.0 148.71428571428572
14.0 147.97619047619048
15.0 147.97619047619048
16.0 148.14285714285714
17.0 148.47619047619048
18.0 148.54761904761904
19.0 149.64285714285714
20.0 149.02380952380952
21.0 148.83333333333334
22.0 148.4047619047619
23.0 148.45238095238096
24.0 148.71428571428572
25.0 149.38095238095238
26.0 149.52380952380952
27.0 148.92857142857142
28.0 148.26190476190476