1.0 173.5
2.0 173.63636363636363
3.0 173.0
4.0 172.6818181818182
5.0 172.5
6.0 172.27272727272728
7.0 172.0
8.0 171.63636363636363
9.0 171.27272727272728
10.0 171.27272727272728
11.0 169.9090909090909
12.0 168.63636363636363
13.0 167.36363636363637
14.0 167.36363636363637
15.0 166.3181818181818
16.0 165.6818181818182
17.0 165.0
18.0 164.8181818181818
19.0 164.22727272727272
20.0 165.0909090909091
21.0 165.63636363636363
22.0 166.86363636363637
23.0 167.86363636363637
24.0 169.3181818181818
25.0 170.1818181818182
26.0 171.5909090909091
27.0 171.9090909090909
28.0 172.72727272727272
29.0 172.86363636363637
30.0 173.04545454545453
31.0 172.9090909090909
32.0 173.63636363636363
33.0 173.45454545454547
34.0 173.77272727272728
35.0 173.95454545454547
36.0 173.9090909090909
37.0 173.13636363636363
38.0 173.0