1.0 175.13636363636363
2.0 175.6818181818182
3.0 175.5909090909091
4.0 175.86363636363637
5.0 175.9090909090909
6.0 175.8181818181818
7.0 175.45454545454547
8.0 174.72727272727272
9.0 173.95454545454547
10.0 173.45454545454547
11.0 172.95454545454547
12.0 172.63636363636363
13.0 171.5909090909091
14.0 171.04545454545453
15.0 169.5909090909091
16.0 168.45454545454547
17.0 166.63636363636363
18.0 166.04545454545453
19.0 165.77272727272728
20.0 166.54545454545453
21.0 165.86363636363637
22.0 166.13636363636363
23.0 166.5
24.0 169.0909090909091
25.0 171.22727272727272
26.0 173.8181818181818
27.0 174.0909090909091
28.0 175.0909090909091
29.0 175.3181818181818
30.0 176.45454545454547
31.0 176.0909090909091
32.0 176.0909090909091
33.0 176.5
34.0 177.22727272727272
35.0 177.04545454545453
36.0 177.45454545454547
37.0 176.9090909090909
38.0 176.86363636363637