1.0 149.5909090909091
2.0 149.5
3.0 149.5909090909091
4.0 149.86363636363637
5.0 150.0
6.0 149.9090909090909
7.0 150.04545454545453
8.0 149.5909090909091
9.0 149.27272727272728
10.0 148.95454545454547
11.0 149.13636363636363
12.0 148.45454545454547
13.0 148.4090909090909
14.0 147.63636363636363
15.0 147.45454545454547
16.0 147.27272727272728
17.0 146.22727272727272
18.0 146.0909090909091
19.0 147.1818181818182
20.0 146.6818181818182
21.0 147.04545454545453
22.0 147.4090909090909
23.0 148.1818181818182
24.0 148.0909090909091
25.0 148.72727272727272
26.0 149.0909090909091
27.0 150.36363636363637
28.0 150.5
29.0 151.4090909090909
30.0 151.95454545454547
31.0 152.1818181818182
32.0 152.1818181818182
33.0 152.54545454545453
34.0 152.63636363636363
35.0 153.27272727272728
36.0 153.4090909090909
37.0 153.54545454545453
38.0 153.45454545454547
