1.0 151.6818181818182
2.0 151.5909090909091
3.0 151.45454545454547
4.0 151.5
5.0 151.27272727272728
6.0 151.45454545454547
7.0 151.36363636363637
8.0 151.0
9.0 150.45454545454547
10.0 150.0909090909091
11.0 149.9090909090909
12.0 149.8181818181818
13.0 149.36363636363637
14.0 148.95454545454547
15.0 148.1818181818182
16.0 147.86363636363637
17.0 147.0909090909091
18.0 147.95454545454547
19.0 148.4090909090909
20.0 149.0
21.0 149.36363636363637
22.0 150.36363636363637
23.0 150.77272727272728
24.0 151.95454545454547
25.0 152.5
26.0 153.77272727272728
27.0 154.0909090909091
28.0 154.27272727272728
29.0 153.9090909090909
30.0 154.0
31.0 153.86363636363637
32.0 154.04545454545453
33.0 153.9090909090909
34.0 154.0
35.0 153.8181818181818
36.0 154.0909090909091
37.0 154.22727272727272
38.0 154.4090909090909