1.0 247.8181818181818
2.0 247.5909090909091
3.0 247.29545454545453
4.0 247.45454545454547
5.0 247.5909090909091
6.0 247.45454545454547
7.0 247.45454545454547
8.0 247.54545454545453
9.0 247.5681818181818
10.0 247.6590909090909
11.0 247.4318181818182
12.0 247.61363636363637
13.0 247.45454545454547
14.0 247.38636363636363
15.0 247.36363636363637
16.0 247.02272727272728
17.0 246.72727272727272
18.0 246.70454545454547
19.0 247.11363636363637
20.0 246.9318181818182
21.0 246.88636363636363
22.0 246.54545454545453
23.0 245.9318181818182
24.0 246.38636363636363
25.0 246.3409090909091
26.0 246.29545454545453
27.0 245.97727272727272
28.0 246.13636363636363
29.0 246.38636363636363
30.0 246.4090909090909
31.0 246.54545454545453
32.0 246.22727272727272
33.0 246.25
34.0 246.0681818181818
35.0 246.0681818181818
36.0 245.97727272727272
37.0 245.97727272727272
38.0 246.02272727272728
39.0 246.02272727272728
40.0 245.88636363636363
41.0 245.9090909090909
42.0 245.5681818181818
43.0 245.5681818181818
44.0 245.5
45.0 245.5
46.0 244.95454545454547
47.0 244.95454545454547
48.0 244.5
49.0 244.5
50.0 244.1818181818182
51.0 244.1818181818182
52.0 243.95454545454547
53.0 243.95454545454547
54.0 243.88636363636363
55.0 243.88636363636363
56.0 243.75
57.0 243.75

