1.0 166.71794871794873
2.0 166.17948717948718
3.0 165.94871794871796
4.0 166.10256410256412
5.0 165.43589743589743
6.0 163.87179487179486
7.0 162.3846153846154
8.0 161.17948717948718
9.0 160.28205128205127
10.0 158.64102564102564
11.0 157.10256410256412
12.0 156.12820512820514
13.0 156.74358974358975
14.0 155.5897435897436
15.0 155.23076923076923
16.0 154.23076923076923
17.0 154.82051282051282
18.0 155.28205128205127
19.0 156.43589743589743
20.0 157.6153846153846
21.0 159.94871794871796
22.0 161.0
23.0 162.15384615384616
24.0 161.94871794871796
25.0 162.28205128205127