1.0 180.97435897435898
2.0 180.66666666666666
3.0 180.56410256410257
4.0 180.6153846153846
5.0 180.28205128205127
6.0 179.2051282051282
7.0 177.89743589743588
8.0 177.2051282051282
9.0 176.4102564102564
10.0 176.23076923076923
11.0 176.35897435897436
12.0 176.76923076923077
13.0 176.4102564102564
14.0 176.2051282051282
15.0 175.97435897435898
16.0 176.71794871794873
17.0 176.82051282051282
18.0 178.07692307692307
19.0 179.66666666666666
20.0 181.25641025641025
21.0 181.17948717948718
22.0 182.02564102564102
23.0 181.25641025641025
24.0 181.51282051282053
25.0 181.12820512820514