1.0 154.77777777777777
2.0 154.5185185185185
3.0 154.55555555555554
4.0 154.44444444444446
5.0 154.2962962962963
6.0 153.59259259259258
7.0 153.4814814814815
8.0 152.96296296296296
9.0 153.25925925925927
10.0 153.0
11.0 153.03703703703704
12.0 152.44444444444446
13.0 151.85185185185185
14.0 150.55555555555554
15.0 150.40740740740742
16.0 149.59259259259258
17.0 148.62962962962962
18.0 147.1851851851852
19.0 146.4814814814815
20.0 145.1851851851852
21.0 144.8148148148148
22.0 144.66666666666666
23.0 145.40740740740742
24.0 145.74074074074073
25.0 146.8148148148148
26.0 146.55555555555554
27.0 146.25925925925927
28.0 145.7037037037037
29.0 145.25925925925927
30.0 145.59259259259258
31.0 146.25925925925927
32.0 146.66666666666666
33.0 147.33333333333334
34.0 148.40740740740742
35.0 149.8148148148148
36.0 151.03703703703704
37.0 152.33333333333334
38.0 152.74074074074073
39.0 153.55555555555554
40.0 153.85185185185185
41.0 154.5185185185185
42.0 154.59259259259258
43.0 154.77777777777777
44.0 154.66666666666666
45.0 155.03703703703704
46.0 155.0
47.0 154.77777777777777
48.0 154.77777777777777
49.0 154.5185185185185
50.0 154.07407407407408
51.0 154.25925925925927
52.0 154.33333333333334
53.0 154.62962962962962