1.0 177.1851851851852
2.0 176.4814814814815
3.0 176.77777777777777
4.0 176.40740740740742
5.0 176.77777777777777
6.0 176.40740740740742
7.0 176.7037037037037
8.0 176.1851851851852
9.0 176.40740740740742
10.0 175.7037037037037
11.0 175.44444444444446
12.0 174.4814814814815
13.0 174.22222222222223
14.0 173.03703703703704
15.0 172.22222222222223
16.0 171.0
17.0 169.96296296296296
18.0 168.62962962962962
19.0 167.4814814814815
20.0 167.55555555555554
21.0 167.92592592592592
22.0 167.55555555555554
23.0 168.25925925925927
24.0 168.74074074074073
25.0 169.14814814814815
26.0 168.44444444444446
27.0 167.96296296296296
28.0 167.07407407407408
29.0 167.11111111111111
30.0 166.7037037037037
31.0 167.37037037037038
32.0 167.2962962962963
33.0 167.59259259259258
34.0 168.25925925925927
35.0 169.8148148148148
36.0 171.22222222222223
37.0 172.5185185185185
38.0 173.22222222222223
39.0 173.66666666666666
40.0 174.25925925925927
41.0 174.44444444444446
42.0 174.14814814814815
43.0 174.59259259259258
44.0 174.59259259259258
45.0 174.96296296296296
46.0 174.2962962962963
47.0 173.88888888888889
48.0 173.44444444444446
49.0 173.37037037037038
50.0 172.92592592592592
51.0 172.8148148148148
52.0 172.33333333333334
53.0 172.11111111111111