1.0 163.4090909090909
2.0 163.5909090909091
3.0 164.54545454545453
4.0 164.4090909090909
5.0 165.13636363636363
6.0 165.63636363636363
7.0 166.8181818181818
8.0 166.5909090909091
9.0 166.54545454545453
10.0 166.13636363636363
11.0 165.36363636363637
12.0 163.8181818181818
13.0 163.0
14.0 161.8181818181818
15.0 160.13636363636363
16.0 159.22727272727272
17.0 159.5
18.0 160.72727272727272
19.0 163.04545454545453
20.0 164.77272727272728
21.0 167.5
22.0 168.95454545454547
23.0 170.72727272727272
24.0 171.22727272727272
25.0 171.9090909090909
26.0 172.3181818181818
27.0 172.72727272727272
28.0 172.9090909090909
29.0 174.04545454545453
30.0 174.1818181818182
31.0 174.4090909090909
32.0 174.77272727272728
33.0 176.27272727272728
34.0 175.95454545454547
35.0 176.0909090909091
36.0 176.4090909090909