1.0 150.66666666666666
2.0 150.77777777777777
3.0 150.85185185185185
4.0 151.14814814814815
5.0 151.44444444444446
6.0 152.07407407407408
7.0 152.1851851851852
8.0 152.59259259259258
9.0 152.25925925925927
10.0 152.7037037037037
11.0 152.8148148148148
12.0 152.77777777777777
13.0 152.40740740740742
14.0 152.5185185185185
15.0 151.62962962962962
16.0 151.59259259259258
17.0 150.8148148148148
18.0 149.8148148148148
19.0 148.44444444444446
20.0 147.14814814814815
21.0 147.14814814814815
22.0 148.1851851851852
23.0 148.14814814814815
24.0 148.96296296296296
25.0 149.8148148148148
26.0 150.5185185185185
27.0 148.8148148148148
28.0 147.40740740740742
29.0 146.85185185185185
30.0 147.37037037037038
31.0 147.40740740740742
32.0 147.88888888888889
33.0 147.40740740740742
34.0 148.59259259259258
35.0 149.11111111111111
36.0 150.2962962962963
37.0 150.7037037037037
38.0 151.7037037037037
39.0 152.22222222222223
40.0 152.85185185185185
41.0 152.96296296296296
42.0 153.55555555555554
43.0 153.66666666666666
44.0 153.59259259259258
45.0 153.59259259259258
46.0 153.5185185185185
47.0 152.88888888888889
48.0 152.88888888888889
49.0 152.77777777777777
50.0 152.62962962962962
51.0 152.7037037037037
52.0 152.62962962962962
53.0 152.1851851851852