1.0 203.13636363636363
2.0 203.9090909090909
3.0 203.27272727272728
4.0 202.86363636363637
5.0 202.8181818181818
6.0 203.22727272727272
7.0 203.13636363636363
8.0 204.27272727272728
9.0 203.63636363636363
10.0 205.0
11.0 202.36363636363637
12.0 201.95454545454547
13.0 199.86363636363637
14.0 199.3181818181818
15.0 198.13636363636363
16.0 196.9090909090909
17.0 198.72727272727272
18.0 200.45454545454547
19.0 202.0
20.0 201.6818181818182
21.0 203.1818181818182
22.0 204.5
23.0 205.22727272727272
24.0 204.8181818181818
25.0 203.95454545454547
26.0 204.3181818181818
27.0 204.4090909090909
28.0 204.95454545454547
29.0 204.27272727272728
30.0 204.54545454545453
31.0 204.0
32.0 205.04545454545453
33.0 204.5909090909091
34.0 204.4090909090909
35.0 203.63636363636363
36.0 204.27272727272728