1.0 177.82222222222222
2.0 177.7111111111111
3.0 177.86666666666667
4.0 177.77777777777777
5.0 176.44444444444446
6.0 176.0888888888889
7.0 175.06666666666666
8.0 174.84444444444443
9.0 174.11111111111111
10.0 173.35555555555555
11.0 171.7111111111111
12.0 170.75555555555556
13.0 169.46666666666667
14.0 169.0888888888889
15.0 169.37777777777777
16.0 169.3111111111111
17.0 168.42222222222222
18.0 168.77777777777777
19.0 168.44444444444446
20.0 168.95555555555555
21.0 169.62222222222223
22.0 170.9111111111111
23.0 171.86666666666667
24.0 172.88888888888889
25.0 173.46666666666667
26.0 174.0222222222222
27.0 174.2888888888889
