1.0 187.62222222222223
2.0 188.26666666666668
3.0 188.37777777777777
4.0 187.9777777777778
5.0 186.6888888888889
6.0 186.48888888888888
7.0 185.6
8.0 184.86666666666667
9.0 183.7111111111111
10.0 183.13333333333333
11.0 182.0888888888889
12.0 181.9111111111111
13.0 180.95555555555555
14.0 180.9111111111111
15.0 180.44444444444446
16.0 180.8
17.0 181.17777777777778
18.0 182.11111111111111
19.0 182.66666666666666
20.0 184.33333333333334
21.0 185.48888888888888
22.0 187.0222222222222
23.0 187.26666666666668
24.0 188.44444444444446
25.0 189.0222222222222
26.0 189.55555555555554
27.0 189.42222222222222