1.0 170.04444444444445
2.0 169.88888888888889
3.0 169.8
4.0 169.0
5.0 168.15555555555557
6.0 166.66666666666666
7.0 165.9111111111111
8.0 164.57777777777778
9.0 163.77777777777777
10.0 162.6
11.0 161.95555555555555
12.0 161.53333333333333
13.0 161.53333333333333
14.0 160.95555555555555
15.0 160.82222222222222
16.0 160.66666666666666
17.0 160.93333333333334
18.0 161.57777777777778
19.0 163.48888888888888
20.0 164.9111111111111
21.0 166.77777777777777
22.0 167.84444444444443
23.0 168.62222222222223
24.0 168.9777777777778
25.0 169.53333333333333
26.0 170.0
27.0 170.9111111111111