1.0 147.3111111111111
2.0 147.22222222222223
3.0 145.9777777777778
4.0 145.04444444444445
5.0 143.46666666666667
6.0 142.24444444444444
7.0 140.51111111111112
8.0 138.93333333333334
9.0 136.77777777777777
10.0 135.04444444444445
11.0 134.15555555555557
12.0 133.3111111111111
13.0 132.35555555555555
14.0 131.6
15.0 130.77777777777777
16.0 130.48888888888888
17.0 129.77777777777777
18.0 129.6888888888889
19.0 130.73333333333332
20.0 132.0888888888889
21.0 133.11111111111111
22.0 133.77777777777777
23.0 133.75555555555556
24.0 134.26666666666668
25.0 133.53333333333333
26.0 133.48888888888888
27.0 132.9777777777778