1.0 180.15384615384616
2.0 179.5
3.0 178.0
4.0 176.96153846153845
5.0 175.92307692307693
6.0 175.19230769230768
7.0 174.0
8.0 173.53846153846155
9.0 171.80769230769232
10.0 170.53846153846155
11.0 168.80769230769232
12.0 168.19230769230768
13.0 167.5
14.0 166.84615384615384
15.0 166.69230769230768
16.0 167.76923076923077
17.0 168.30769230769232
18.0 168.92307692307693
19.0 168.96153846153845
20.0 168.96153846153845
21.0 168.34615384615384
22.0 168.07692307692307
23.0 167.92307692307693
24.0 168.65384615384616
25.0 168.65384615384616
26.0 170.03846153846155
27.0 170.46153846153845
28.0 171.19230769230768
29.0 171.69230769230768
30.0 172.53846153846155
31.0 173.34615384615384
32.0 174.15384615384616
33.0 174.46153846153845
34.0 174.8846153846154
35.0 174.30769230769232
36.0 174.1153846153846
37.0 174.0
38.0 174.76923076923077
39.0 174.8846153846154