1.0 186.92307692307693
2.0 186.8846153846154
3.0 187.0
4.0 186.73076923076923
5.0 186.3846153846154
6.0 185.96153846153845
7.0 185.57692307692307
8.0 184.76923076923077
9.0 184.3846153846154
10.0 183.46153846153845
11.0 183.15384615384616
12.0 182.34615384615384
13.0 181.26923076923077
14.0 180.3846153846154
15.0 180.92307692307693
16.0 181.5
17.0 182.73076923076923
18.0 183.42307692307693
19.0 184.76923076923077
20.0 183.3846153846154
21.0 182.8846153846154
22.0 182.5
23.0 182.53846153846155
24.0 182.1153846153846
25.0 182.19230769230768
26.0 182.34615384615384
27.0 183.1153846153846
28.0 183.3846153846154
29.0 184.42307692307693
30.0 185.0
31.0 186.30769230769232
32.0 186.73076923076923
33.0 187.65384615384616
34.0 187.69230769230768
35.0 187.42307692307693
36.0 187.5
37.0 187.34615384615384
38.0 187.26923076923077
39.0 187.19230769230768