1.0 135.86666666666667
2.0 137.43333333333334
3.0 137.53333333333333
4.0 135.03333333333333
5.0 135.66666666666666
6.0 136.8
7.0 135.96666666666667
8.0 135.36666666666667
9.0 135.5
10.0 135.7
11.0 135.3
12.0 134.6
13.0 133.86666666666667
14.0 128.26666666666668
15.0 120.7
16.0 113.26666666666667
17.0 112.36666666666666
18.0 119.13333333333334
19.0 124.73333333333333
20.0 130.56666666666666
21.0 131.5
22.0 131.56666666666666
23.0 131.83333333333334
24.0 131.33333333333334
25.0 130.43333333333334
26.0 130.2
27.0 130.2
28.0 130.33333333333334
29.0 130.1
30.0 129.5
31.0 130.0
32.0 128.96666666666667
33.0 127.6
34.0 127.43333333333334
35.0 127.13333333333334
36.0 126.56666666666666
37.0 126.33333333333333
38.0 126.4
39.0 126.86666666666666
40.0 126.63333333333334
41.0 126.03333333333333
42.0 124.96666666666667
43.0 125.96666666666667
44.0 125.6
45.0 120.33333333333333
46.0 112.26666666666667
47.0 105.6
48.0 106.03333333333333
49.0 112.3
50.0 117.73333333333333
51.0 120.33333333333333
52.0 120.46666666666667
53.0 121.06666666666666
54.0 119.56666666666666
55.0 118.36666666666666
56.0 117.83333333333333
57.0 118.03333333333333
58.0 117.7
59.0 117.06666666666666
60.0 116.83333333333333
61.0 117.13333333333334
62.0 116.7
63.0 115.53333333333333
64.0 114.26666666666667

