1.0 133.8
2.0 133.26666666666668
3.0 133.66666666666666
4.0 132.66666666666666
5.0 131.46666666666667
6.0 131.7
7.0 132.03333333333333
8.0 131.9
9.0 131.86666666666667
10.0 132.06666666666666
11.0 131.73333333333332
12.0 131.73333333333332
13.0 131.13333333333333
14.0 130.96666666666667
15.0 131.36666666666667
16.0 127.83333333333333
17.0 121.8
18.0 114.9
19.0 108.2
20.0 113.6
21.0 118.9
22.0 124.6
23.0 126.36666666666666
24.0 127.73333333333333
25.0 126.53333333333333
26.0 126.36666666666666
27.0 125.8
28.0 125.4
29.0 124.86666666666666
30.0 124.16666666666667
31.0 124.26666666666667
32.0 124.03333333333333
33.0 122.63333333333334
34.0 123.86666666666666
35.0 123.2
36.0 122.26666666666667
37.0 121.86666666666666
38.0 121.73333333333333
39.0 121.23333333333333
40.0 120.5
41.0 120.2
42.0 119.86666666666666
43.0 120.2
44.0 119.36666666666666
45.0 119.53333333333333
46.0 113.83333333333333
47.0 105.76666666666667
48.0 100.33333333333333
49.0 102.0
50.0 107.83333333333333
51.0 113.1
52.0 113.43333333333334
53.0 112.5
54.0 113.1
55.0 112.5
56.0 111.53333333333333
57.0 110.73333333333333
58.0 110.93333333333334
59.0 110.8
60.0 110.3
61.0 108.56666666666666
62.0 109.0
63.0 109.43333333333334
64.0 107.3

