1.0 157.7560975609756
2.0 157.73170731707316
3.0 158.0731707317073
4.0 158.14634146341464
5.0 158.02439024390245
6.0 157.609756097561
7.0 156.97560975609755
8.0 156.26829268292684
9.0 156.0487804878049
10.0 154.78048780487805
11.0 153.82926829268294
12.0 152.9268292682927
13.0 153.09756097560975
14.0 153.1219512195122
15.0 153.29268292682926
16.0 152.65853658536585
17.0 152.82926829268294
18.0 152.17073170731706
19.0 152.58536585365854
20.0 152.1219512195122
21.0 152.85365853658536
22.0 153.9268292682927
23.0 155.34146341463415
24.0 156.0487804878049
25.0 157.1219512195122
26.0 157.1951219512195