1.0 171.4390243902439
2.0 170.97560975609755
3.0 170.8780487804878
4.0 170.3658536585366
5.0 170.02439024390245
6.0 168.85365853658536
7.0 168.1951219512195
8.0 166.97560975609755
9.0 166.09756097560975
10.0 164.390243902439
11.0 163.82926829268294
12.0 163.9512195121951
13.0 164.17073170731706
14.0 163.02439024390245
15.0 163.1219512195122
16.0 163.3170731707317
17.0 163.85365853658536
18.0 164.09756097560975
19.0 165.1951219512195
20.0 166.5609756097561
21.0 168.82926829268294
22.0 169.78048780487805
23.0 171.26829268292684
24.0 172.09756097560975
25.0 172.609756097561
26.0 172.97560975609755