1.0 190.73170731707316
2.0 190.4390243902439
3.0 190.5609756097561
4.0 189.82926829268294
5.0 188.82926829268294
6.0 187.8048780487805
7.0 187.1951219512195
8.0 185.8048780487805
9.0 184.6341463414634
10.0 183.46341463414635
11.0 183.0487804878049
12.0 182.73170731707316
13.0 182.53658536585365
14.0 182.1951219512195
15.0 182.4878048780488
16.0 182.26829268292684
17.0 182.53658536585365
18.0 183.3170731707317
19.0 184.85365853658536
20.0 186.8048780487805
21.0 188.8048780487805
22.0 190.0487804878049
23.0 191.4390243902439
24.0 192.29268292682926
25.0 193.17073170731706
26.0 192.97560975609755