1.0 169.1219512195122
2.0 168.6341463414634
3.0 169.3170731707317
4.0 168.21951219512195
5.0 168.0731707317073
6.0 166.5609756097561
7.0 166.4390243902439
8.0 165.29268292682926
9.0 164.26829268292684
10.0 162.1951219512195
11.0 161.41463414634146
12.0 160.65853658536585
13.0 160.26829268292684
14.0 159.53658536585365
15.0 160.4878048780488
16.0 159.78048780487805
17.0 160.6341463414634
18.0 159.3170731707317
19.0 159.29268292682926
20.0 159.7560975609756
21.0 161.8048780487805
22.0 162.8048780487805
23.0 163.73170731707316
24.0 164.4878048780488
25.0 165.1219512195122
26.0 164.6829268292683