1.0 210.58333333333334
2.0 210.625
3.0 211.29166666666666
4.0 211.125
5.0 210.95833333333334
6.0 211.08333333333334
7.0 211.5
8.0 211.33333333333334
9.0 211.125
10.0 210.5
11.0 209.58333333333334
12.0 209.0
13.0 208.125
14.0 206.66666666666666
15.0 204.79166666666666
16.0 203.125
17.0 200.58333333333334
18.0 199.5
19.0 197.95833333333334
20.0 197.41666666666666
21.0 198.04166666666666
22.0 198.58333333333334
23.0 202.25
24.0 202.91666666666666
25.0 203.83333333333334
26.0 201.66666666666666
27.0 199.25
28.0 198.125
29.0 199.20833333333334
30.0 199.83333333333334
31.0 200.75
32.0 200.33333333333334
33.0 202.41666666666666
34.0 204.79166666666666
35.0 209.125
36.0 210.58333333333334
37.0 213.5
38.0 214.125
39.0 216.08333333333334
40.0 217.04166666666666
41.0 218.33333333333334
42.0 217.66666666666666
43.0 218.04166666666666
44.0 218.08333333333334
45.0 218.25
46.0 218.0
47.0 218.33333333333334
48.0 218.58333333333334
49.0 218.45833333333334
50.0 218.79166666666666
51.0 218.91666666666666
52.0 219.0
53.0 219.58333333333334
