1.0 158.45833333333334
2.0 158.70833333333334
3.0 158.375
4.0 158.125
5.0 158.04166666666666
6.0 158.45833333333334
7.0 158.5
8.0 158.45833333333334
9.0 158.20833333333334
10.0 157.70833333333334
11.0 157.20833333333334
12.0 157.125
13.0 156.66666666666666
14.0 156.29166666666666
15.0 155.41666666666666
16.0 154.875
17.0 153.5
18.0 152.58333333333334
19.0 152.04166666666666
20.0 152.20833333333334
21.0 152.08333333333334
22.0 152.58333333333334
23.0 153.20833333333334
24.0 154.95833333333334
25.0 154.125
26.0 153.875
27.0 152.875
28.0 152.75
29.0 152.375
30.0 152.66666666666666
31.0 152.41666666666666
32.0 153.79166666666666
33.0 155.16666666666666
34.0 156.70833333333334
35.0 156.66666666666666
36.0 157.95833333333334
37.0 159.08333333333334
38.0 159.91666666666666
39.0 159.91666666666666
40.0 160.75
41.0 160.45833333333334
42.0 160.33333333333334
43.0 160.41666666666666
44.0 160.83333333333334
45.0 160.75
46.0 160.875
47.0 160.45833333333334
48.0 160.54166666666666
49.0 161.08333333333334
50.0 161.79166666666666
51.0 161.70833333333334
52.0 162.04166666666666
53.0 161.70833333333334