1.0 220.8048780487805
2.0 220.8048780487805
3.0 221.0487804878049
4.0 220.5121951219512
5.0 220.2439024390244
6.0 218.6829268292683
7.0 217.82926829268294
8.0 216.17073170731706
9.0 215.390243902439
10.0 213.609756097561
11.0 212.6829268292683
12.0 211.8780487804878
13.0 212.1951219512195
14.0 212.4390243902439
15.0 213.3170731707317
16.0 214.3170731707317
17.0 215.609756097561
18.0 216.8780487804878
19.0 219.5609756097561
20.0 221.9268292682927
21.0 223.9512195121951
22.0 225.46341463414635
23.0 226.97560975609755
24.0 227.8048780487805
25.0 228.8780487804878
26.0 229.09756097560975