1.0 176.5609756097561
2.0 176.3170731707317
3.0 175.0
4.0 174.0487804878049
5.0 172.85365853658536
6.0 172.02439024390245
7.0 170.0
8.0 168.78048780487805
9.0 167.26829268292684
10.0 165.82926829268294
11.0 164.65853658536585
12.0 163.609756097561
13.0 162.58536585365854
14.0 162.4878048780488
15.0 162.02439024390245
16.0 161.8780487804878
17.0 161.5609756097561
18.0 162.6829268292683
19.0 164.0731707317073
20.0 165.53658536585365
21.0 166.26829268292684
22.0 166.97560975609755
23.0 167.3170731707317
24.0 167.70731707317074
25.0 167.6341463414634
26.0 167.3170731707317
