1.0 180.5
2.0 180.65625
3.0 180.21875
4.0 180.6875
5.0 180.3125
6.0 180.75
7.0 180.4375
8.0 180.25
9.0 179.5
10.0 179.125
11.0 177.5625
12.0 176.6875
13.0 174.65625
14.0 173.625
15.0 170.84375
16.0 170.34375
17.0 169.90625
18.0 170.59375
19.0 171.53125
20.0 173.46875
21.0 175.15625
22.0 176.1875
23.0 176.9375
24.0 177.6875
25.0 177.8125
26.0 178.125
27.0 177.71875
28.0 178.65625
29.0 178.8125
30.0 178.625
31.0 178.28125
32.0 178.28125
33.0 178.03125
34.0 178.3125