1.0 173.96666666666667
2.0 173.73333333333332
3.0 174.03333333333333
4.0 174.86666666666667
5.0 174.46666666666667
6.0 174.86666666666667
7.0 175.16666666666666
8.0 175.23333333333332
9.0 174.7
10.0 174.83333333333334
11.0 174.83333333333334
12.0 174.76666666666668
13.0 174.16666666666666
14.0 174.13333333333333
15.0 173.56666666666666
16.0 173.23333333333332
17.0 171.53333333333333
18.0 170.3
19.0 169.66666666666666
20.0 169.16666666666666
21.0 169.26666666666668
22.0 170.73333333333332
23.0 171.73333333333332
24.0 173.16666666666666
25.0 174.0
26.0 174.56666666666666
27.0 175.06666666666666
28.0 175.73333333333332
29.0 175.93333333333334
30.0 176.1
31.0 176.16666666666666
32.0 175.96666666666667
33.0 175.93333333333334
34.0 176.03333333333333
35.0 176.03333333333333
36.0 176.0