1.0 178.43333333333334
2.0 177.9
3.0 177.96666666666667
4.0 177.9
5.0 178.1
6.0 177.7
7.0 177.4
8.0 177.06666666666666
9.0 177.13333333333333
10.0 176.96666666666667
11.0 176.96666666666667
12.0 176.6
13.0 176.66666666666666
14.0 176.33333333333334
15.0 175.83333333333334
16.0 174.8
17.0 173.76666666666668
18.0 172.03333333333333
19.0 170.7
20.0 169.26666666666668
21.0 168.83333333333334
22.0 169.5
23.0 170.8
24.0 172.3
25.0 174.96666666666667
26.0 175.86666666666667
27.0 178.03333333333333
28.0 179.03333333333333
29.0 180.23333333333332
30.0 180.86666666666667
31.0 181.33333333333334
32.0 181.3
33.0 181.96666666666667
34.0 182.06666666666666
35.0 182.83333333333334
36.0 183.26666666666668