1.0 180.5
2.0 180.29166666666666
3.0 180.625
4.0 180.5
5.0 180.25
6.0 179.875
7.0 180.25
8.0 179.875
9.0 179.45833333333334
10.0 178.625
11.0 177.70833333333334
12.0 176.58333333333334
13.0 175.83333333333334
14.0 174.66666666666666
15.0 173.54166666666666
16.0 171.45833333333334
17.0 169.91666666666666
18.0 167.20833333333334
19.0 166.41666666666666
20.0 165.08333333333334
21.0 164.70833333333334
22.0 164.25
23.0 164.75
24.0 164.79166666666666
25.0 164.70833333333334
26.0 162.66666666666666
27.0 161.5
28.0 159.41666666666666
29.0 159.33333333333334
30.0 158.875
31.0 159.20833333333334
32.0 159.45833333333334
33.0 160.33333333333334
34.0 160.95833333333334
35.0 161.75
36.0 162.20833333333334
37.0 163.20833333333334
38.0 163.83333333333334
39.0 164.45833333333334
40.0 163.91666666666666
41.0 164.04166666666666
42.0 164.08333333333334
43.0 164.33333333333334
44.0 164.16666666666666
45.0 164.375
46.0 164.41666666666666
47.0 164.54166666666666
48.0 164.29166666666666
49.0 164.54166666666666
50.0 164.625
51.0 165.08333333333334
52.0 165.29166666666666
53.0 165.45833333333334