1.0 226.58333333333334
2.0 226.54166666666666
3.0 226.54166666666666
4.0 226.16666666666666
5.0 226.125
6.0 226.125
7.0 226.04166666666666
8.0 226.375
9.0 225.75
10.0 225.70833333333334
11.0 225.375
12.0 225.16666666666666
13.0 224.58333333333334
14.0 223.58333333333334
15.0 222.41666666666666
16.0 221.29166666666666
17.0 220.0
18.0 218.25
19.0 216.58333333333334
20.0 214.54166666666666
21.0 213.54166666666666
22.0 214.5
23.0 214.79166666666666
24.0 215.0
25.0 214.75
26.0 215.0
27.0 213.33333333333334
28.0 211.29166666666666
29.0 209.66666666666666
30.0 209.54166666666666
31.0 209.625
32.0 210.875
33.0 210.625
34.0 211.625
35.0 212.875
36.0 215.45833333333334
37.0 216.20833333333334
38.0 218.16666666666666
39.0 219.375
40.0 221.5
41.0 222.04166666666666
42.0 222.91666666666666
43.0 223.16666666666666
44.0 224.125
45.0 223.83333333333334
46.0 224.04166666666666
47.0 223.91666666666666
48.0 223.5
49.0 223.29166666666666
50.0 223.25
51.0 222.75
52.0 222.58333333333334
53.0 222.375
