1.0 199.66666666666666
2.0 199.63333333333333
3.0 199.93333333333334
4.0 199.9
5.0 200.13333333333333
6.0 200.13333333333333
7.0 200.46666666666667
8.0 200.43333333333334
9.0 200.66666666666666
10.0 200.8
11.0 201.03333333333333
12.0 200.83333333333334
13.0 200.53333333333333
14.0 199.8
15.0 199.13333333333333
16.0 198.43333333333334
17.0 197.13333333333333
18.0 195.86666666666667
19.0 194.86666666666667
20.0 194.0
21.0 194.53333333333333
22.0 195.96666666666667
23.0 197.66666666666666
24.0 198.83333333333334
25.0 200.8
26.0 201.63333333333333
27.0 202.93333333333334
28.0 203.43333333333334
29.0 204.26666666666668
30.0 204.7
31.0 205.4
32.0 205.66666666666666
33.0 206.23333333333332
34.0 206.23333333333332
35.0 206.7
36.0 206.73333333333332