1.0 167.41666666666666
2.0 167.70833333333334
3.0 167.375
4.0 168.08333333333334
5.0 167.95833333333334
6.0 167.95833333333334
7.0 167.79166666666666
8.0 167.83333333333334
9.0 167.66666666666666
10.0 167.33333333333334
11.0 166.54166666666666
12.0 166.41666666666666
13.0 165.625
14.0 165.20833333333334
15.0 163.75
16.0 163.08333333333334
17.0 161.29166666666666
18.0 159.875
19.0 158.875
20.0 158.875
21.0 159.75
22.0 161.29166666666666
23.0 162.08333333333334
24.0 163.41666666666666
25.0 163.58333333333334
26.0 162.66666666666666
27.0 161.79166666666666
28.0 162.41666666666666
29.0 162.75
30.0 163.54166666666666
31.0 163.5
32.0 164.04166666666666
33.0 165.16666666666666
34.0 167.29166666666666
35.0 168.54166666666666
36.0 170.20833333333334
37.0 171.125
38.0 172.625
39.0 173.25
40.0 173.75
41.0 174.125
42.0 174.70833333333334
43.0 175.08333333333334
44.0 175.20833333333334
45.0 175.16666666666666
46.0 175.66666666666666
47.0 176.16666666666666
48.0 177.33333333333334
49.0 177.25
50.0 177.75
51.0 178.16666666666666
52.0 178.45833333333334
53.0 178.33333333333334