1.0 152.3953488372093
2.0 152.59302325581396
3.0 153.06976744186048
4.0 153.19767441860466
5.0 152.63953488372093
6.0 152.45348837209303
7.0 152.03488372093022
8.0 149.62790697674419
9.0 147.75581395348837
10.0 146.88372093023256
11.0 146.12790697674419
12.0 146.19767441860466
13.0 146.62790697674419
14.0 149.24418604651163
15.0 151.2325581395349
16.0 152.53488372093022
17.0 153.7674418604651
18.0 152.6860465116279
19.0 151.17441860465115
20.0 148.84883720930233
21.0 147.0
22.0 148.02325581395348
23.0 150.3953488372093
24.0 152.30232558139534
25.0 150.41860465116278
26.0 150.24418604651163
27.0 153.63953488372093
28.0 155.2325581395349
29.0 155.52325581395348
30.0 155.36046511627907
31.0 154.5

