1.0 150.86666666666667
2.0 153.33333333333334
3.0 152.23333333333332
4.0 152.43333333333334
5.0 151.63333333333333
6.0 146.16666666666666
7.0 139.13333333333333
8.0 130.16666666666666
9.0 120.36666666666666
10.0 122.1
11.0 130.56666666666666
12.0 140.36666666666667
13.0 148.56666666666666
14.0 151.4
15.0 152.2
16.0 151.26666666666668
17.0 151.8
18.0 152.66666666666666
19.0 153.43333333333334
20.0 155.1
21.0 154.4
22.0 154.63333333333333
23.0 152.03333333333333
24.0 152.8
25.0 154.76666666666668
26.0 153.96666666666667
27.0 153.96666666666667
28.0 155.06666666666666
29.0 155.1
30.0 154.46666666666667
31.0 153.43333333333334
32.0 149.16666666666666
33.0 145.76666666666668
34.0 145.8
35.0 147.86666666666667
36.0 143.06666666666666
37.0 140.36666666666667
38.0 142.96666666666667
39.0 150.5
40.0 155.03333333333333
41.0 155.56666666666666
42.0 155.63333333333333
43.0 154.86666666666667
44.0 154.36666666666667
45.0 154.46666666666667
46.0 156.23333333333332
47.0 155.73333333333332
48.0 154.0
49.0 153.9
50.0 154.26666666666668
51.0 154.0
52.0 153.5
53.0 155.23333333333332
54.0 155.33333333333334
55.0 155.16666666666666
56.0 155.2
57.0 155.6
58.0 155.7
59.0 155.76666666666668
60.0 155.8
61.0 155.16666666666666
62.0 156.1
63.0 155.46666666666667
64.0 155.6
65.0 153.03333333333333
66.0 152.13333333333333
67.0 150.5
68.0 150.23333333333332
69.0 149.1
70.0 145.53333333333333
71.0 148.7
72.0 153.93333333333334
73.0 153.73333333333332
74.0 154.0
75.0 155.56666666666666
76.0 155.1
77.0 154.76666666666668
78.0 154.7
79.0 154.86666666666667
80.0 155.16666666666666
81.0 155.1
82.0 154.66666666666666
83.0 154.7

