9.0 120.36666666666666
10.0 122.1
11.0 130.56666666666666
12.0 140.36666666666667
13.0 148.56666666666666
14.0 151.4
15.0 152.2
16.0 151.26666666666668
17.0 151.8
18.0 152.66666666666666
19.0 153.43333333333334
20.0 155.1
21.0 154.4
22.0 154.63333333333333
23.0 152.03333333333333
24.0 152.8
25.0 154.76666666666668
26.0 153.96666666666667
27.0 153.96666666666667
28.0 155.06666666666666
29.0 155.1
30.0 154.46666666666667
31.0 153.43333333333334
32.0 149.16666666666666
33.0 145.76666666666668
34.0 145.8
35.0 147.86666666666667
36.0 143.06666666666666
37.0 140.36666666666667
