1.0 157.0222222222222
2.0 157.57777777777778
3.0 157.26666666666668
4.0 157.37777777777777
5.0 157.17777777777778
6.0 156.44444444444446
7.0 155.51111111111112
8.0 154.9111111111111
9.0 153.64444444444445
10.0 153.06666666666666
11.0 151.95555555555555
12.0 151.0
13.0 150.13333333333333
14.0 150.15555555555557
15.0 149.53333333333333
16.0 149.6888888888889
17.0 149.64444444444445
18.0 149.84444444444443
19.0 149.46666666666667
20.0 150.3111111111111
21.0 150.84444444444443
22.0 152.64444444444445
23.0 153.04444444444445
24.0 153.82222222222222
25.0 153.93333333333334
26.0 154.46666666666667
27.0 154.77777777777777