1.0 152.84444444444443
2.0 153.04444444444445
3.0 152.88888888888889
4.0 152.46666666666667
5.0 151.7111111111111
6.0 150.9111111111111
7.0 149.6
8.0 148.84444444444443
9.0 147.46666666666667
10.0 145.9111111111111
11.0 144.75555555555556
12.0 144.51111111111112
13.0 144.0222222222222
14.0 143.42222222222222
15.0 142.73333333333332
16.0 142.2
17.0 142.22222222222223
18.0 142.24444444444444
19.0 141.57777777777778
20.0 144.0888888888889
21.0 144.6888888888889
22.0 145.3111111111111
23.0 146.26666666666668
24.0 147.04444444444445
25.0 147.9777777777778
26.0 148.26666666666668
27.0 147.88888888888889