1.0 151.69230769230768
2.0 151.6153846153846
3.0 152.1153846153846
4.0 151.84615384615384
5.0 151.80769230769232
6.0 150.92307692307693
7.0 150.65384615384616
8.0 150.15384615384616
9.0 150.30769230769232
10.0 148.80769230769232
11.0 147.84615384615384
12.0 147.46153846153845
13.0 147.65384615384616
14.0 147.92307692307693
15.0 148.69230769230768
16.0 149.23076923076923
17.0 150.34615384615384
18.0 150.34615384615384
19.0 150.30769230769232
20.0 149.3846153846154
21.0 149.42307692307693
22.0 149.53846153846155
23.0 150.57692307692307
24.0 151.1153846153846
25.0 151.8846153846154
26.0 152.42307692307693
27.0 153.53846153846155
28.0 154.19230769230768
29.0 155.26923076923077
30.0 156.15384615384616
31.0 157.07692307692307
32.0 157.5
33.0 158.5
34.0 158.84615384615384
35.0 159.03846153846155
36.0 158.80769230769232
37.0 159.1153846153846
38.0 159.07692307692307
39.0 159.23076923076923