1.0 152.12790697674419
2.0 152.63953488372093
3.0 151.95348837209303
4.0 151.69767441860466
5.0 151.96511627906978
6.0 152.0581395348837
7.0 151.03488372093022
8.0 149.82558139534885
9.0 147.75581395348837
10.0 145.7093023255814
11.0 145.1046511627907
12.0 143.56976744186048
13.0 143.46511627906978
14.0 143.7325581395349
15.0 146.13953488372093
16.0 150.2674418604651
17.0 154.34883720930233
18.0 153.51162790697674
19.0 152.2674418604651
20.0 149.69767441860466
21.0 148.17441860465115
22.0 149.97674418604652
23.0 147.96511627906978
24.0 148.08139534883722
25.0 151.74418604651163
26.0 152.56976744186048
27.0 151.96511627906978
28.0 153.80232558139534
29.0 154.61627906976744
30.0 154.62790697674419
31.0 155.03488372093022

