1.0 155.03333333333333
2.0 154.1
3.0 154.4
4.0 155.4
5.0 155.5
6.0 155.13333333333333
7.0 154.8
8.0 151.3
9.0 147.66666666666666
10.0 142.93333333333334
11.0 133.93333333333334
12.0 127.63333333333334
13.0 126.4
14.0 133.03333333333333
15.0 138.5
16.0 141.56666666666666
17.0 143.96666666666667
18.0 147.93333333333334
19.0 147.76666666666668
20.0 148.83333333333334
21.0 149.8
22.0 148.8
23.0 151.56666666666666
24.0 151.23333333333332
25.0 153.76666666666668
26.0 153.13333333333333
27.0 151.13333333333333
28.0 151.7
29.0 152.8
30.0 153.93333333333334
31.0 155.86666666666667
32.0 154.6
33.0 154.53333333333333
34.0 154.6
35.0 155.13333333333333
36.0 155.16666666666666
37.0 152.3
38.0 153.53333333333333
39.0 153.76666666666668
40.0 153.76666666666668
41.0 150.53333333333333
42.0 148.2
43.0 143.93333333333334
44.0 142.26666666666668
45.0 147.56666666666666
46.0 152.7
47.0 154.03333333333333
48.0 155.06666666666666
49.0 154.76666666666668
50.0 154.7
51.0 155.43333333333334
52.0 154.36666666666667
53.0 153.53333333333333
54.0 155.2
55.0 155.36666666666667
56.0 154.5
57.0 153.76666666666668
58.0 152.33333333333334
59.0 145.6
60.0 149.23333333333332
61.0 153.5
62.0 152.3
63.0 153.03333333333333
64.0 152.26666666666668
65.0 152.6
66.0 152.53333333333333
67.0 152.6
68.0 151.2
69.0 148.53333333333333
70.0 150.53333333333333
71.0 148.1
72.0 149.16666666666666
73.0 149.63333333333333
74.0 149.03333333333333
75.0 147.53333333333333
76.0 150.2
77.0 149.7
78.0 149.6
79.0 149.36666666666667
80.0 149.6
81.0 146.8
82.0 148.2
83.0 148.1

