1.0 147.26829268292684
2.0 147.0487804878049
3.0 146.5609756097561
4.0 146.29268292682926
5.0 145.8780487804878
6.0 145.8780487804878
7.0 145.1951219512195
8.0 145.0487804878049
9.0 143.34146341463415
10.0 141.9512195121951
11.0 139.4390243902439
12.0 137.6341463414634
13.0 136.41463414634146
14.0 136.8780487804878
15.0 137.14634146341464
16.0 137.17073170731706
17.0 136.34146341463415
18.0 135.9512195121951
19.0 135.46341463414635
20.0 135.85365853658536
21.0 135.41463414634146
22.0 134.9512195121951
23.0 134.85365853658536
24.0 134.97560975609755
25.0 134.0487804878049
26.0 133.58536585365854
27.0 132.97560975609755
28.0 132.9268292682927
29.0 133.14634146341464
30.0 133.9268292682927
31.0 133.97560975609755
32.0 133.46341463414635