1.0 144.90243902439025
2.0 145.17073170731706
3.0 145.26829268292684
4.0 145.7560975609756
5.0 145.34146341463415
6.0 145.09756097560975
7.0 144.41463414634146
8.0 143.1951219512195
9.0 140.21951219512195
10.0 139.26829268292684
11.0 138.2439024390244
12.0 138.9512195121951
13.0 138.6829268292683
14.0 138.78048780487805
15.0 138.70731707317074
16.0 137.97560975609755
17.0 137.5121951219512
18.0 138.390243902439
19.0 139.14634146341464
20.0 139.4878048780488
21.0 139.41463414634146
22.0 139.58536585365854
23.0 139.29268292682926
24.0 139.09756097560975
25.0 138.7560975609756
26.0 139.390243902439
27.0 139.26829268292684
28.0 139.609756097561
29.0 140.26829268292684
30.0 141.6341463414634
31.0 141.9512195121951
32.0 142.0731707317073