1.0 146.4390243902439
2.0 146.41463414634146
3.0 145.26829268292684
4.0 145.58536585365854
5.0 145.5121951219512
6.0 145.46341463414635
7.0 143.5609756097561
8.0 142.2439024390244
9.0 140.6341463414634
10.0 139.8048780487805
11.0 138.26829268292684
12.0 137.2439024390244
13.0 137.17073170731706
14.0 138.26829268292684
15.0 138.17073170731706
16.0 138.34146341463415
17.0 138.53658536585365
18.0 137.97560975609755
19.0 137.5121951219512
20.0 137.0487804878049
21.0 136.34146341463415
22.0 136.21951219512195
23.0 135.9512195121951
24.0 135.5609756097561
25.0 134.97560975609755
26.0 134.6829268292683
27.0 134.02439024390245
28.0 135.41463414634146
29.0 136.0
30.0 136.34146341463415
31.0 135.9268292682927
32.0 136.3170731707317