1.0 146.9512195121951
2.0 147.41463414634146
3.0 146.8048780487805
4.0 146.3658536585366
5.0 145.85365853658536
6.0 146.46341463414635
7.0 146.90243902439025
8.0 147.29268292682926
9.0 145.46341463414635
10.0 143.85365853658536
11.0 141.09756097560975
12.0 140.26829268292684
13.0 138.82926829268294
14.0 138.4878048780488
15.0 138.2439024390244
16.0 138.70731707317074
17.0 138.6341463414634
18.0 139.17073170731706
19.0 138.9268292682927
20.0 138.85365853658536
21.0 138.21951219512195
22.0 137.4390243902439
23.0 136.2439024390244
24.0 135.9512195121951
25.0 135.5121951219512
26.0 135.17073170731706
27.0 134.09756097560975
28.0 134.0487804878049
29.0 132.85365853658536
30.0 133.609756097561
31.0 134.1219512195122
32.0 134.90243902439025