1.0 143.52380952380952
2.0 142.76190476190476
3.0 142.66666666666666
4.0 142.52380952380952
5.0 142.95238095238096
6.0 142.85714285714286
7.0 142.57142857142858
8.0 141.71428571428572
9.0 141.14285714285714
10.0 139.66666666666666
11.0 137.1904761904762
12.0 136.1904761904762
13.0 134.61904761904762
14.0 134.28571428571428
15.0 134.04761904761904
16.0 133.47619047619048
17.0 132.61904761904762
18.0 131.57142857142858
19.0 132.71428571428572
20.0 133.42857142857142
21.0 135.28571428571428
22.0 135.71428571428572
23.0 137.57142857142858
24.0 139.0952380952381
25.0 142.42857142857142
26.0 143.04761904761904
27.0 143.85714285714286
28.0 144.0
29.0 145.04761904761904
30.0 145.1904761904762
31.0 145.23809523809524
32.0 144.85714285714286
33.0 144.95238095238096
34.0 144.57142857142858
35.0 144.42857142857142
36.0 144.61904761904762
37.0 145.04761904761904