1.0 142.57142857142858
2.0 143.0952380952381
3.0 143.1904761904762
4.0 143.14285714285714
5.0 142.85714285714286
6.0 141.71428571428572
7.0 141.33333333333334
8.0 141.47619047619048
9.0 141.8095238095238
10.0 140.23809523809524
11.0 138.95238095238096
12.0 138.1904761904762
13.0 137.28571428571428
14.0 135.8095238095238
15.0 133.95238095238096
16.0 131.95238095238096
17.0 130.23809523809524
18.0 130.76190476190476
19.0 132.33333333333334
20.0 132.42857142857142
21.0 132.85714285714286
22.0 133.1904761904762
23.0 134.71428571428572
24.0 135.8095238095238
25.0 137.8095238095238
26.0 138.66666666666666
27.0 140.0952380952381
28.0 140.8095238095238
29.0 141.28571428571428
30.0 141.04761904761904
31.0 141.0
32.0 141.0952380952381
33.0 141.57142857142858
34.0 141.14285714285714
35.0 140.61904761904762
36.0 139.85714285714286
37.0 139.85714285714286