1.0 143.8095238095238
2.0 143.04761904761904
3.0 142.52380952380952
4.0 142.52380952380952
5.0 142.28571428571428
6.0 141.66666666666666
7.0 140.52380952380952
8.0 140.1904761904762
9.0 139.71428571428572
10.0 139.14285714285714
11.0 137.33333333333334
12.0 136.33333333333334
13.0 133.76190476190476
14.0 133.04761904761904
15.0 133.1904761904762
16.0 134.23809523809524
17.0 133.14285714285714
18.0 133.71428571428572
19.0 134.23809523809524
20.0 136.47619047619048
21.0 136.42857142857142
22.0 137.1904761904762
23.0 138.33333333333334
24.0 140.1904761904762
25.0 140.71428571428572
26.0 141.66666666666666
27.0 142.28571428571428
28.0 142.57142857142858
29.0 142.66666666666666
30.0 143.04761904761904
31.0 142.71428571428572
32.0 142.38095238095238
33.0 141.9047619047619
34.0 141.85714285714286
35.0 141.9047619047619
36.0 142.04761904761904
37.0 141.38095238095238