1.0 118.66666666666667
2.0 119.14285714285714
3.0 119.66666666666667
4.0 119.19047619047619
5.0 119.57142857142857
6.0 118.57142857142857
7.0 118.38095238095238
8.0 118.47619047619048
9.0 117.9047619047619
10.0 116.80952380952381
11.0 115.19047619047619
12.0 114.85714285714286
13.0 113.23809523809524
14.0 111.52380952380952
15.0 110.47619047619048
16.0 110.19047619047619
17.0 109.0
18.0 106.85714285714286
19.0 106.76190476190476
20.0 106.66666666666667
21.0 109.28571428571429
22.0 109.33333333333333
23.0 110.61904761904762
24.0 111.14285714285714
25.0 115.19047619047619
26.0 115.38095238095238
27.0 115.42857142857143
28.0 115.57142857142857
29.0 118.14285714285714
30.0 118.9047619047619
31.0 119.66666666666667
32.0 119.47619047619048
33.0 119.38095238095238
34.0 118.19047619047619
35.0 117.61904761904762
36.0 117.80952380952381
37.0 118.52380952380952