1.0 137.0952380952381
2.0 137.61904761904762
3.0 137.61904761904762
4.0 137.38095238095238
5.0 136.8095238095238
6.0 137.1904761904762
7.0 137.57142857142858
8.0 136.66666666666666
9.0 135.95238095238096
10.0 135.28571428571428
11.0 134.23809523809524
12.0 133.0
13.0 132.0952380952381
14.0 132.33333333333334
15.0 131.57142857142858
16.0 130.52380952380952
17.0 129.14285714285714
18.0 128.28571428571428
19.0 127.71428571428571
20.0 127.85714285714286
21.0 127.57142857142857
22.0 128.66666666666666
23.0 130.14285714285714
24.0 132.14285714285714
25.0 133.42857142857142
26.0 135.0952380952381
27.0 136.04761904761904
28.0 137.66666666666666
29.0 136.9047619047619
30.0 137.57142857142858
31.0 138.0952380952381
32.0 138.9047619047619
33.0 139.1904761904762
34.0 138.85714285714286
35.0 138.1904761904762
36.0 138.04761904761904
37.0 137.66666666666666
