1.0 143.23809523809524
2.0 142.76190476190476
3.0 142.38095238095238
4.0 142.0
5.0 141.8095238095238
6.0 141.52380952380952
7.0 142.28571428571428
8.0 141.9047619047619
9.0 140.9047619047619
10.0 139.95238095238096
11.0 139.76190476190476
12.0 138.66666666666666
13.0 136.71428571428572
14.0 135.52380952380952
15.0 135.0
16.0 134.8095238095238
17.0 134.33333333333334
18.0 131.95238095238096
19.0 129.23809523809524
20.0 128.28571428571428
21.0 128.42857142857142
22.0 129.33333333333334
23.0 132.28571428571428
24.0 133.57142857142858
25.0 135.66666666666666
26.0 136.38095238095238
27.0 138.28571428571428
28.0 139.04761904761904
29.0 139.57142857142858
30.0 139.85714285714286
31.0 140.52380952380952
32.0 140.52380952380952
33.0 140.95238095238096
34.0 140.14285714285714
35.0 140.57142857142858
36.0 140.76190476190476
37.0 140.28571428571428