1.0 184.5625
2.0 184.78125
3.0 185.28125
4.0 185.3125
5.0 185.875
6.0 186.34375
7.0 186.3125
8.0 185.9375
9.0 185.15625
10.0 184.09375
11.0 183.53125
12.0 182.375
13.0 181.21875
14.0 179.4375
15.0 178.65625
16.0 179.40625
17.0 180.9375
18.0 182.53125
19.0 184.15625
20.0 185.34375
21.0 186.875
22.0 187.59375
23.0 188.375
24.0 188.6875
25.0 189.03125
26.0 189.375
27.0 189.40625
28.0 189.3125
29.0 189.375
30.0 189.65625
31.0 190.3125
32.0 190.28125
33.0 190.90625
34.0 191.65625