1.0 199.0
2.0 198.90625
3.0 198.75
4.0 198.84375
5.0 198.0625
6.0 198.46875
7.0 198.40625
8.0 198.375
9.0 198.03125
10.0 197.125
11.0 195.9375
12.0 195.0625
13.0 193.53125
14.0 193.15625
15.0 190.9375
16.0 188.71875
17.0 187.15625
18.0 186.28125
19.0 186.6875
20.0 187.6875
21.0 188.65625
22.0 189.8125
23.0 190.6875
24.0 191.6875
25.0 191.84375
26.0 191.5625
27.0 190.9375
28.0 190.625
29.0 190.59375
30.0 190.3125
31.0 190.09375
32.0 189.71875
33.0 189.21875
34.0 189.53125