1.0 189.5625
2.0 189.8125
3.0 189.21875
4.0 189.5625
5.0 189.59375
6.0 190.40625
7.0 190.5625
8.0 190.96875
9.0 190.5
10.0 190.65625
11.0 189.75
12.0 189.5625
13.0 188.125
14.0 186.40625
15.0 184.5
16.0 182.9375
17.0 181.53125
18.0 182.875
19.0 184.65625
20.0 186.78125
21.0 187.8125
22.0 189.0
23.0 189.875
24.0 190.90625
25.0 190.65625
26.0 191.125
27.0 190.84375
28.0 191.15625
29.0 190.96875
30.0 191.4375
31.0 191.4375
32.0 191.4375
33.0 191.03125
34.0 191.15625