1.0 190.86666666666667
2.0 190.76666666666668
3.0 191.36666666666667
4.0 191.46666666666667
5.0 191.66666666666666
6.0 191.8
7.0 191.96666666666667
8.0 191.83333333333334
9.0 191.7
10.0 191.36666666666667
11.0 191.16666666666666
12.0 190.4
13.0 189.56666666666666
14.0 188.83333333333334
15.0 187.8
16.0 186.63333333333333
17.0 186.06666666666666
18.0 186.3
19.0 188.2
20.0 189.16666666666666
21.0 190.33333333333334
22.0 190.96666666666667
23.0 192.36666666666667
24.0 192.9
25.0 193.76666666666668
26.0 194.2
27.0 195.53333333333333
28.0 195.56666666666666
29.0 195.93333333333334
30.0 196.03333333333333
31.0 196.8
32.0 196.96666666666667
33.0 197.86666666666667
34.0 198.23333333333332
35.0 199.36666666666667
36.0 199.06666666666666