1.0 193.13333333333333
2.0 192.8
3.0 192.7
4.0 192.73333333333332
5.0 192.36666666666667
6.0 191.76666666666668
7.0 190.96666666666667
8.0 190.26666666666668
9.0 189.36666666666667
10.0 188.33333333333334
11.0 186.73333333333332
12.0 185.06666666666666
13.0 183.0
14.0 180.7
15.0 178.5
16.0 177.76666666666668
17.0 177.8
18.0 178.53333333333333
19.0 179.73333333333332
20.0 180.96666666666667
21.0 182.26666666666668
22.0 182.93333333333334
23.0 183.63333333333333
24.0 183.73333333333332
25.0 183.76666666666668
26.0 183.96666666666667
27.0 184.23333333333332
28.0 183.83333333333334
29.0 183.53333333333333
30.0 183.33333333333334
31.0 182.96666666666667
32.0 182.53333333333333
33.0 182.4
34.0 182.1
35.0 182.26666666666668
36.0 181.83333333333334
