1.0 186.13333333333333
2.0 186.66666666666666
3.0 187.36666666666667
4.0 187.36666666666667
5.0 188.3
6.0 188.63333333333333
7.0 189.4
8.0 189.66666666666666
9.0 190.1
10.0 189.9
11.0 189.7
12.0 189.2
13.0 188.4
14.0 187.1
15.0 185.4
16.0 184.23333333333332
17.0 185.06666666666666
18.0 185.5
19.0 187.93333333333334
20.0 189.23333333333332
21.0 191.46666666666667
22.0 192.73333333333332
23.0 194.8
24.0 195.5
25.0 197.06666666666666
26.0 197.13333333333333
27.0 197.46666666666667
28.0 197.63333333333333
29.0 197.56666666666666
30.0 196.96666666666667
31.0 196.33333333333334
32.0 196.0
33.0 196.53333333333333
34.0 196.03333333333333
35.0 195.6
36.0 195.33333333333334