1.0 186.0
2.0 186.03333333333333
3.0 186.06666666666666
4.0 186.53333333333333
5.0 187.0
6.0 187.13333333333333
7.0 186.93333333333334
8.0 187.26666666666668
9.0 187.16666666666666
10.0 187.76666666666668
11.0 187.63333333333333
12.0 187.4
13.0 186.76666666666668
14.0 186.26666666666668
15.0 185.43333333333334
16.0 185.46666666666667
17.0 184.63333333333333
18.0 184.96666666666667
19.0 185.0
20.0 186.8
21.0 188.33333333333334
22.0 190.26666666666668
23.0 190.8
24.0 192.1
25.0 192.23333333333332
26.0 192.7
27.0 192.6
28.0 192.36666666666667
29.0 192.13333333333333
30.0 192.43333333333334
31.0 192.13333333333333
32.0 192.46666666666667
33.0 192.43333333333334
34.0 191.96666666666667
35.0 191.26666666666668
36.0 191.16666666666666