1.0 167.8
2.0 168.16666666666666
3.0 168.3
4.0 168.86666666666667
5.0 168.83333333333334
6.0 169.33333333333334
7.0 169.33333333333334
8.0 169.66666666666666
9.0 169.43333333333334
10.0 169.5
11.0 168.86666666666667
12.0 168.6
13.0 168.06666666666666
14.0 167.43333333333334
15.0 165.86666666666667
16.0 164.83333333333334
17.0 163.8
18.0 163.86666666666667
19.0 165.23333333333332
20.0 166.8
21.0 168.2
22.0 170.26666666666668
23.0 171.26666666666668
24.0 172.46666666666667
25.0 172.83333333333334
26.0 173.26666666666668
27.0 173.26666666666668
28.0 173.43333333333334
29.0 173.0
30.0 173.06666666666666
31.0 172.63333333333333
32.0 172.46666666666667
33.0 172.5
34.0 172.53333333333333
35.0 172.46666666666667
36.0 172.5