1.0 114.07317073170732
2.0 112.46341463414635
3.0 111.09756097560975
4.0 111.1951219512195
5.0 112.4390243902439
6.0 112.48780487804878
7.0 111.7560975609756
8.0 110.92682926829268
9.0 110.92682926829268
10.0 109.7560975609756
11.0 108.41463414634147
12.0 105.8780487804878
13.0 104.29268292682927
14.0 102.85365853658537
15.0 102.90243902439025
16.0 102.5609756097561
17.0 102.70731707317073
18.0 103.17073170731707
19.0 103.82926829268293
20.0 104.29268292682927
21.0 105.2439024390244
22.0 104.51219512195122
23.0 104.41463414634147
24.0 102.95121951219512
25.0 102.39024390243902
26.0 101.95121951219512
27.0 101.82926829268293
28.0 101.51219512195122
29.0 102.02439024390245
30.0 101.0
31.0 100.65853658536585
32.0 100.41463414634147