1.0 133.90243902439025
2.0 134.0731707317073
3.0 133.85365853658536
4.0 133.46341463414635
5.0 132.17073170731706
6.0 132.0487804878049
7.0 130.85365853658536
8.0 129.5609756097561
9.0 127.65853658536585
10.0 126.2439024390244
11.0 124.09756097560975
12.0 124.51219512195122
13.0 124.65853658536585
14.0 124.8048780487805
15.0 125.34146341463415
16.0 126.29268292682927
17.0 126.29268292682927
18.0 126.07317073170732
19.0 125.34146341463415
20.0 124.51219512195122
21.0 123.73170731707317
22.0 123.34146341463415
23.0 122.26829268292683
24.0 122.09756097560975
25.0 121.4390243902439
26.0 122.14634146341463
27.0 122.41463414634147
28.0 122.39024390243902
29.0 121.6829268292683
30.0 122.92682926829268
31.0 122.78048780487805
32.0 123.39024390243902

