1.0 144.2608695652174
2.0 145.30434782608697
3.0 144.69565217391303
4.0 143.56521739130434
5.0 142.8695652173913
6.0 140.8695652173913
7.0 138.6086956521739
8.0 134.95652173913044
9.0 132.1304347826087
10.0 130.1304347826087
11.0 131.2608695652174
12.0 132.7391304347826
13.0 136.04347826086956
14.0 139.08695652173913
15.0 142.2608695652174
16.0 144.91304347826087
17.0 147.08695652173913
18.0 147.1304347826087
19.0 147.2608695652174
20.0 147.17391304347825
21.0 147.69565217391303