1.0 177.30434782608697
2.0 178.34782608695653
3.0 178.3913043478261
4.0 177.95652173913044
5.0 176.17391304347825
6.0 173.6086956521739
7.0 169.91304347826087
8.0 166.52173913043478
9.0 163.47826086956522
10.0 161.52173913043478
11.0 159.95652173913044
12.0 160.2173913043478
13.0 163.1304347826087
14.0 166.56521739130434
15.0 170.1304347826087
16.0 173.2608695652174
17.0 175.2608695652174
18.0 176.08695652173913
19.0 176.30434782608697
20.0 176.6086956521739
21.0 177.04347826086956