1.0 140.9268292682927
2.0 140.34146341463415
3.0 140.90243902439025
4.0 141.21951219512195
5.0 141.8780487804878
6.0 141.97560975609755
7.0 141.73170731707316
8.0 141.4390243902439
9.0 141.17073170731706
10.0 140.2439024390244
11.0 138.53658536585365
12.0 135.3658536585366
13.0 133.8780487804878
14.0 133.0731707317073
15.0 133.29268292682926
16.0 133.9512195121951
17.0 134.65853658536585
18.0 134.58536585365854
19.0 135.21951219512195
20.0 134.5609756097561
21.0 133.97560975609755
22.0 132.6829268292683
23.0 132.2439024390244
24.0 132.0487804878049
25.0 132.4878048780488
26.0 132.2439024390244
27.0 132.26829268292684
28.0 132.17073170731706
29.0 132.4878048780488
30.0 132.4878048780488
31.0 132.73170731707316
32.0 133.14634146341464