1.0 133.02439024390245
2.0 133.3170731707317
3.0 132.82926829268294
4.0 133.2439024390244
5.0 132.4390243902439
6.0 131.8780487804878
7.0 130.29268292682926
8.0 129.4878048780488
9.0 127.48780487804878
10.0 125.73170731707317
11.0 123.46341463414635
12.0 122.8048780487805
13.0 121.41463414634147
14.0 120.8048780487805
15.0 120.53658536585365
16.0 121.1951219512195
17.0 121.60975609756098
18.0 121.51219512195122
19.0 120.73170731707317
20.0 120.14634146341463
21.0 119.73170731707317
22.0 119.70731707317073
23.0 119.65853658536585
24.0 119.85365853658537
25.0 118.09756097560975
26.0 117.21951219512195
27.0 117.29268292682927
28.0 118.90243902439025
29.0 118.7560975609756
30.0 118.97560975609755
31.0 117.58536585365853
32.0 116.6829268292683