1.0 123.48780487804878
2.0 123.29268292682927
3.0 124.4390243902439
4.0 123.90243902439025
5.0 123.48780487804878
6.0 123.7560975609756
7.0 124.04878048780488
8.0 123.14634146341463
9.0 122.04878048780488
10.0 119.8048780487805
11.0 118.48780487804878
12.0 116.51219512195122
13.0 115.8780487804878
14.0 114.70731707317073
15.0 114.46341463414635
16.0 113.95121951219512
17.0 114.21951219512195
18.0 114.21951219512195
19.0 114.97560975609755
20.0 113.8780487804878
21.0 113.7560975609756
22.0 113.6829268292683
23.0 114.0
24.0 113.04878048780488
25.0 113.34146341463415
26.0 113.60975609756098
27.0 113.73170731707317
28.0 113.36585365853658
29.0 113.7560975609756
30.0 113.29268292682927
31.0 113.07317073170732
32.0 113.14634146341463