1.0 125.38095238095238
2.0 125.33333333333333
3.0 126.0952380952381
4.0 125.95238095238095
5.0 126.19047619047619
6.0 126.04761904761905
7.0 124.76190476190476
8.0 124.61904761904762
9.0 125.23809523809524
10.0 124.76190476190476
11.0 123.47619047619048
12.0 122.80952380952381
13.0 122.04761904761905
14.0 120.66666666666667
15.0 117.9047619047619
16.0 115.57142857142857
17.0 114.42857142857143
18.0 113.95238095238095
19.0 113.71428571428571
20.0 112.80952380952381
21.0 114.23809523809524
22.0 115.85714285714286
23.0 119.0952380952381
24.0 120.33333333333333
25.0 122.42857142857143
26.0 122.85714285714286
27.0 123.85714285714286
28.0 124.85714285714286
29.0 125.80952380952381
30.0 125.80952380952381
31.0 125.71428571428571
32.0 125.33333333333333
33.0 125.23809523809524
34.0 125.38095238095238
35.0 125.52380952380952
36.0 124.38095238095238
37.0 124.38095238095238