1.0 130.52380952380952
2.0 129.85714285714286
3.0 129.85714285714286
4.0 129.61904761904762
5.0 130.23809523809524
6.0 130.28571428571428
7.0 130.1904761904762
8.0 129.14285714285714
9.0 128.42857142857142
10.0 126.9047619047619
11.0 126.85714285714286
12.0 126.71428571428571
13.0 124.9047619047619
14.0 123.0
15.0 121.52380952380952
16.0 120.33333333333333
17.0 120.47619047619048
18.0 120.28571428571429
19.0 121.0
20.0 119.9047619047619
21.0 120.71428571428571
22.0 121.95238095238095
23.0 125.0
24.0 126.0
25.0 127.52380952380952
26.0 128.0
27.0 128.57142857142858
28.0 129.33333333333334
29.0 130.33333333333334
30.0 129.8095238095238
31.0 129.8095238095238
32.0 129.1904761904762
33.0 128.76190476190476
34.0 127.9047619047619
35.0 127.9047619047619
36.0 127.9047619047619
37.0 128.38095238095238
