1.0 105.42857142857143
2.0 105.38095238095238
3.0 106.47619047619048
4.0 107.61904761904762
5.0 108.52380952380952
6.0 107.76190476190476
7.0 107.33333333333333
8.0 107.47619047619048
9.0 108.04761904761905
10.0 107.80952380952381
11.0 107.42857142857143
12.0 106.9047619047619
13.0 106.28571428571429
14.0 104.61904761904762
15.0 103.14285714285714
16.0 101.28571428571429
17.0 99.71428571428571
18.0 97.95238095238095
19.0 96.61904761904762
20.0 96.9047619047619
21.0 99.57142857142857
22.0 100.14285714285714
23.0 101.14285714285714
24.0 101.23809523809524
25.0 103.85714285714286
26.0 104.71428571428571
27.0 106.61904761904762
28.0 106.80952380952381
29.0 107.0952380952381
30.0 107.95238095238095
31.0 108.38095238095238
32.0 107.19047619047619
33.0 106.80952380952381
34.0 106.9047619047619
35.0 107.0
36.0 106.14285714285714
37.0 107.28571428571429