1.0 212.17073170731706
2.0 212.5609756097561
3.0 211.9268292682927
4.0 211.53658536585365
5.0 210.3658536585366
6.0 209.8780487804878
7.0 207.73170731707316
8.0 206.41463414634146
9.0 203.82926829268294
10.0 202.5121951219512
11.0 200.82926829268294
12.0 200.6829268292683
13.0 200.78048780487805
14.0 201.3170731707317
15.0 201.7560975609756
16.0 202.70731707317074
17.0 202.5609756097561
18.0 203.1219512195122
19.0 205.3658536585366
20.0 209.0487804878049
21.0 211.3658536585366
22.0 212.85365853658536
23.0 214.609756097561
24.0 215.70731707317074
25.0 216.3658536585366
26.0 217.02439024390245