1.0 168.90243902439025
2.0 169.17073170731706
3.0 168.73170731707316
4.0 168.17073170731706
5.0 167.8048780487805
6.0 167.65853658536585
7.0 166.46341463414635
8.0 165.41463414634146
9.0 164.34146341463415
10.0 163.70731707317074
11.0 162.65853658536585
12.0 163.1219512195122
13.0 163.0731707317073
14.0 163.0
15.0 163.1951219512195
16.0 163.53658536585365
17.0 163.73170731707316
18.0 164.53658536585365
19.0 165.97560975609755
20.0 168.14634146341464
21.0 169.34146341463415
22.0 170.4390243902439
23.0 171.34146341463415
24.0 172.3170731707317
25.0 172.70731707317074
26.0 173.2439024390244