1.0 202.21951219512195
2.0 202.1219512195122
3.0 202.1219512195122
4.0 201.53658536585365
5.0 201.29268292682926
6.0 200.58536585365854
7.0 199.78048780487805
8.0 198.390243902439
9.0 197.9268292682927
10.0 196.4878048780488
11.0 195.46341463414635
12.0 193.609756097561
13.0 193.41463414634146
14.0 193.390243902439
15.0 193.7560975609756
16.0 194.390243902439
17.0 195.26829268292684
18.0 195.70731707317074
19.0 197.02439024390245
20.0 198.5609756097561
21.0 200.8048780487805
22.0 201.6829268292683
23.0 202.97560975609755
24.0 203.73170731707316
25.0 204.609756097561
26.0 204.5609756097561