1.0 177.6829268292683
2.0 177.46341463414635
3.0 177.609756097561
4.0 177.2439024390244
5.0 176.8048780487805
6.0 174.78048780487805
7.0 173.609756097561
8.0 171.70731707317074
9.0 170.21951219512195
10.0 167.82926829268294
11.0 166.46341463414635
12.0 164.2439024390244
13.0 163.58536585365854
14.0 163.390243902439
15.0 162.6829268292683
16.0 161.6341463414634
17.0 161.6829268292683
18.0 161.41463414634146
19.0 162.34146341463415
20.0 163.2439024390244
21.0 164.78048780487805
22.0 165.58536585365854
23.0 166.7560975609756
24.0 166.9512195121951
25.0 168.1219512195122
26.0 167.70731707317074