1.0 167.58333333333334
2.0 167.625
3.0 167.25
4.0 167.25
5.0 167.41666666666666
6.0 168.08333333333334
7.0 168.29166666666666
8.0 168.83333333333334
9.0 168.625
10.0 168.16666666666666
11.0 167.5
12.0 167.375
13.0 166.91666666666666
14.0 166.375
15.0 165.08333333333334
16.0 164.125
17.0 162.70833333333334
18.0 161.41666666666666
19.0 160.33333333333334
20.0 161.04166666666666
21.0 161.70833333333334
22.0 162.875
23.0 164.04166666666666
24.0 165.08333333333334
25.0 164.54166666666666
26.0 164.33333333333334
27.0 163.79166666666666
28.0 163.16666666666666
29.0 163.04166666666666
30.0 163.66666666666666
31.0 164.375
32.0 165.79166666666666
33.0 166.75
34.0 167.95833333333334
35.0 169.0
36.0 170.41666666666666
37.0 171.5
38.0 172.58333333333334
39.0 173.0
40.0 173.5
41.0 173.91666666666666
42.0 173.79166666666666
43.0 173.66666666666666
44.0 173.91666666666666
45.0 173.95833333333334
46.0 174.08333333333334
47.0 174.25
48.0 174.83333333333334
49.0 175.0
50.0 175.125
51.0 174.66666666666666
52.0 174.75
53.0 174.91666666666666