1.0 170.25
2.0 170.04166666666666
3.0 170.20833333333334
4.0 169.95833333333334
5.0 169.75
6.0 169.66666666666666
7.0 169.91666666666666
8.0 169.375
9.0 169.25
10.0 168.70833333333334
11.0 168.20833333333334
12.0 167.04166666666666
13.0 165.95833333333334
14.0 164.91666666666666
15.0 163.91666666666666
16.0 162.41666666666666
17.0 160.5
18.0 158.625
19.0 158.54166666666666
20.0 158.83333333333334
21.0 159.875
22.0 160.25
23.0 161.20833333333334
24.0 162.41666666666666
25.0 163.45833333333334
26.0 161.29166666666666
27.0 160.33333333333334
28.0 160.66666666666666
29.0 162.20833333333334
30.0 162.58333333333334
31.0 163.91666666666666
32.0 164.66666666666666
33.0 166.75
34.0 167.91666666666666
35.0 169.95833333333334
36.0 171.16666666666666
37.0 173.0
38.0 173.95833333333334
39.0 175.25
40.0 175.20833333333334
41.0 175.75
42.0 175.83333333333334
43.0 175.875
44.0 175.875
45.0 175.58333333333334
46.0 175.0
47.0 175.25
48.0 175.20833333333334
49.0 175.33333333333334
50.0 175.08333333333334
51.0 175.125
52.0 174.70833333333334
53.0 174.75