1.0 199.91666666666666
2.0 199.5
3.0 199.04166666666666
4.0 198.79166666666666
5.0 198.5
6.0 198.25
7.0 197.95833333333334
8.0 197.54166666666666
9.0 197.125
10.0 196.5
11.0 195.875
12.0 195.04166666666666
13.0 194.16666666666666
14.0 192.83333333333334
15.0 191.5
16.0 189.375
17.0 187.41666666666666
18.0 185.54166666666666
19.0 183.91666666666666
20.0 182.16666666666666
21.0 181.95833333333334
22.0 182.45833333333334
23.0 182.66666666666666
24.0 183.83333333333334
25.0 184.20833333333334
26.0 184.5
27.0 182.66666666666666
28.0 181.25
29.0 180.95833333333334
30.0 181.41666666666666
31.0 181.33333333333334
32.0 181.95833333333334
33.0 182.08333333333334
34.0 183.29166666666666
35.0 184.16666666666666
36.0 185.29166666666666
37.0 185.79166666666666
38.0 186.83333333333334
39.0 187.04166666666666
40.0 187.75
41.0 187.375
42.0 187.16666666666666
43.0 186.83333333333334
44.0 186.375
45.0 185.58333333333334
46.0 185.0
47.0 184.79166666666666
48.0 184.79166666666666
49.0 184.45833333333334
50.0 184.29166666666666
51.0 183.95833333333334
52.0 184.25
53.0 184.04166666666666