1.0 200.875
2.0 200.91666666666666
3.0 201.04166666666666
4.0 201.625
5.0 201.54166666666666
6.0 201.75
7.0 201.66666666666666
8.0 201.83333333333334
9.0 201.66666666666666
10.0 201.375
11.0 200.83333333333334
12.0 200.375
13.0 199.66666666666666
14.0 199.08333333333334
15.0 198.54166666666666
16.0 197.04166666666666
17.0 195.83333333333334
18.0 195.08333333333334
19.0 194.25
20.0 194.0
21.0 194.0
22.0 194.29166666666666
23.0 194.20833333333334
24.0 194.95833333333334
25.0 195.20833333333334
26.0 195.0
27.0 193.58333333333334
28.0 192.33333333333334
29.0 192.54166666666666
30.0 193.79166666666666
31.0 194.66666666666666
32.0 195.875
33.0 196.04166666666666
34.0 198.0
35.0 198.91666666666666
36.0 200.70833333333334
37.0 201.25
38.0 202.66666666666666
39.0 203.125
40.0 204.29166666666666
41.0 204.125
42.0 204.5
43.0 204.58333333333334
44.0 204.25
45.0 204.0
46.0 203.875
47.0 203.875
48.0 204.20833333333334
49.0 204.16666666666666
50.0 204.125
51.0 204.20833333333334
52.0 204.33333333333334
53.0 204.125