1.0 160.875
2.0 160.91666666666666
3.0 160.95833333333334
4.0 161.70833333333334
5.0 161.70833333333334
6.0 162.79166666666666
7.0 162.5
8.0 162.875
9.0 162.54166666666666
10.0 162.83333333333334
11.0 162.20833333333334
12.0 161.875
13.0 161.54166666666666
14.0 161.04166666666666
15.0 160.41666666666666
16.0 160.20833333333334
17.0 158.875
18.0 158.04166666666666
19.0 157.16666666666666
20.0 157.04166666666666
21.0 157.29166666666666
22.0 158.75
23.0 158.875
24.0 159.5
25.0 159.875
26.0 160.54166666666666
27.0 159.33333333333334
28.0 158.91666666666666
29.0 159.08333333333334
30.0 160.0
31.0 160.25
32.0 160.29166666666666
33.0 160.58333333333334
34.0 162.625
35.0 163.79166666666666
36.0 164.29166666666666
37.0 165.375
38.0 167.04166666666666
39.0 167.70833333333334
40.0 168.54166666666666
41.0 169.16666666666666
42.0 169.79166666666666
43.0 170.08333333333334
44.0 170.91666666666666
45.0 170.95833333333334
46.0 171.08333333333334
47.0 171.25
48.0 171.91666666666666
49.0 171.79166666666666
50.0 172.04166666666666
51.0 172.79166666666666
52.0 173.29166666666666
53.0 174.0