1.0 197.23076923076923
2.0 196.87179487179486
3.0 197.17948717948718
4.0 196.56410256410257
5.0 197.2051282051282
6.0 196.53846153846155
7.0 196.94871794871796
8.0 196.74358974358975
9.0 197.0
10.0 196.46153846153845
11.0 197.28205128205127
12.0 196.53846153846155
13.0 196.87179487179486
14.0 197.10256410256412
15.0 196.3846153846154
16.0 196.10256410256412
17.0 196.23076923076923
18.0 195.69230769230768
19.0 195.46153846153845
20.0 195.46153846153845
21.0 195.15384615384616
22.0 192.84615384615384
23.0 192.71794871794873
24.0 192.87179487179486
25.0 193.35897435897436
26.0 194.10256410256412
27.0 195.4102564102564
28.0 195.92307692307693
29.0 196.97435897435898
30.0 196.76923076923077
31.0 196.64102564102564
32.0 195.92307692307693

