1.0 190.71794871794873
2.0 190.07692307692307
3.0 190.53846153846155
4.0 190.97435897435898
5.0 191.56410256410257
6.0 190.7948717948718
7.0 190.56410256410257
8.0 189.84615384615384
9.0 189.23076923076923
10.0 188.48717948717947
11.0 188.51282051282053
12.0 186.89743589743588
13.0 185.94871794871796
14.0 183.76923076923077
15.0 184.66666666666666
16.0 179.89743589743588
17.0 179.10256410256412
18.0 177.53846153846155
19.0 177.69230769230768
20.0 179.97435897435898
21.0 180.43589743589743
22.0 180.64102564102564
23.0 182.7948717948718
24.0 184.25641025641025
25.0 185.97435897435898
26.0 188.2051282051282
27.0 190.02564102564102
28.0 191.33333333333334
29.0 192.56410256410257
30.0 193.5897435897436
31.0 194.66666666666666
32.0 195.10256410256412

