1.0 190.43589743589743
2.0 190.35897435897436
3.0 190.94871794871796
4.0 190.17948717948718
5.0 189.7948717948718
6.0 190.02564102564102
7.0 190.25641025641025
8.0 190.30769230769232
9.0 190.07692307692307
10.0 189.89743589743588
11.0 189.82051282051282
12.0 189.66666666666666
13.0 189.4102564102564
14.0 188.94871794871796
15.0 188.43589743589743
16.0 186.84615384615384
17.0 185.74358974358975
18.0 185.10256410256412
19.0 184.66666666666666
20.0 184.87179487179486
21.0 185.43589743589743
22.0 186.92307692307693
23.0 188.25641025641025
24.0 188.23076923076923
25.0 189.05128205128204
26.0 189.12820512820514
27.0 191.12820512820514
28.0 190.74358974358975
29.0 191.28205128205127
30.0 190.66666666666666
31.0 191.15384615384616
32.0 190.71794871794873

