1.0 198.5897435897436
2.0 198.76923076923077
3.0 198.74358974358975
4.0 198.2051282051282
5.0 198.46153846153845
6.0 198.17948717948718
7.0 198.23076923076923
8.0 198.43589743589743
9.0 198.30769230769232
10.0 197.84615384615384
11.0 198.10256410256412
12.0 197.15384615384616
13.0 196.74358974358975
14.0 194.71794871794873
15.0 191.05128205128204
16.0 190.23076923076923
17.0 190.6153846153846
18.0 190.82051282051282
19.0 191.97435897435898
20.0 192.4102564102564
21.0 193.66666666666666
22.0 194.76923076923077
23.0 197.15384615384616
24.0 197.17948717948718
25.0 198.69230769230768
26.0 198.53846153846155
27.0 199.07692307692307
28.0 198.33333333333334
29.0 198.74358974358975
30.0 198.43589743589743
31.0 198.87179487179486
32.0 198.5897435897436

