1.0 195.66666666666666
2.0 196.0
3.0 195.66666666666666
4.0 195.53846153846155
5.0 196.28205128205127
6.0 196.25641025641025
7.0 196.0
8.0 195.76923076923077
9.0 195.94871794871796
10.0 195.3846153846154
11.0 195.56410256410257
12.0 195.48717948717947
13.0 195.6153846153846
14.0 194.84615384615384
15.0 194.25641025641025
16.0 192.6153846153846
17.0 191.71794871794873
18.0 192.97435897435898
19.0 192.74358974358975
20.0 193.56410256410257
21.0 194.28205128205127
22.0 195.02564102564102
23.0 196.28205128205127
24.0 195.92307692307693
25.0 197.46153846153845
26.0 196.30769230769232
27.0 196.35897435897436
28.0 196.4102564102564
29.0 197.0
30.0 196.84615384615384
31.0 197.3846153846154
32.0 196.7948717948718

