1.0 198.32432432432432
2.0 197.24324324324326
3.0 197.1081081081081
4.0 196.78378378378378
5.0 197.64864864864865
6.0 197.02702702702703
7.0 197.6216216216216
8.0 196.43243243243242
9.0 196.51351351351352
10.0 196.64864864864865
11.0 197.43243243243242
12.0 197.02702702702703
13.0 197.0810810810811
14.0 197.05405405405406
15.0 198.27027027027026
16.0 197.64864864864865
17.0 197.1081081081081
18.0 196.32432432432432
19.0 198.32432432432432
20.0 198.13513513513513
21.0 199.21621621621622
22.0 196.64864864864865
23.0 197.35135135135135
24.0 195.0810810810811
25.0 195.48648648648648
26.0 193.40540540540542
27.0 193.27027027027026
28.0 192.48648648648648
29.0 193.05405405405406
30.0 192.97297297297297
31.0 193.1891891891892
32.0 193.8108108108108
33.0 194.0810810810811
34.0 195.05405405405406
35.0 194.75675675675674
36.0 196.1081081081081
37.0 196.94594594594594
38.0 197.7027027027027
39.0 197.27027027027026
40.0 197.0810810810811
41.0 197.78378378378378
42.0 196.64864864864865
43.0 196.8108108108108
44.0 196.13513513513513
45.0 196.48648648648648
46.0 196.43243243243242
47.0 197.35135135135135
48.0 196.48648648648648
49.0 195.86486486486487
50.0 195.75675675675674
51.0 196.7027027027027
52.0 196.27027027027026
53.0 196.78378378378378
54.0 195.8918918918919
55.0 196.59459459459458
56.0 195.48648648648648
57.0 196.67567567567568
58.0 195.45945945945945
59.0 195.48648648648648
60.0 194.7027027027027
61.0 196.13513513513513

