1.0 237.08904109589042
2.0 237.07534246575344
3.0 237.17808219178082
4.0 236.986301369863
5.0 236.93150684931507
6.0 237.0068493150685
7.0 236.93150684931507
8.0 236.77397260273972
9.0 236.47260273972603
10.0 236.63698630136986
11.0 236.57534246575344
12.0 237.06849315068493
13.0 236.83561643835617
14.0 237.08219178082192
15.0 237.3013698630137
16.0 237.55479452054794
17.0 237.73287671232876
18.0 237.93835616438355
19.0 238.0068493150685
20.0 238.03424657534248
21.0 237.77397260273972
22.0 238.0958904109589
23.0 238.2945205479452
24.0 238.42465753424656
25.0 238.5
26.0 238.47260273972603
27.0 238.1164383561644
28.0 238.17808219178082
29.0 237.95205479452054
30.0 237.66438356164383
31.0 237.55479452054794
32.0 237.1917808219178
33.0 237.013698630137
34.0 236.63013698630138
35.0 236.54794520547946
36.0 236.4794520547945
37.0 236.43835616438355
38.0 236.2945205479452
39.0 236.43150684931507
40.0 236.65068493150685
41.0 236.5958904109589
42.0 236.5958904109589
43.0 236.65068493150685
44.0 236.84931506849315
45.0 236.92465753424656
46.0 236.91780821917808
47.0 236.9041095890411

