1.0 217.4909090909091
2.0 217.4909090909091
3.0 217.76363636363635
4.0 217.92727272727274
5.0 218.25454545454545
6.0 218.1090909090909
7.0 218.61818181818182
8.0 218.54545454545453
9.0 218.6909090909091
10.0 218.21818181818182
11.0 218.25454545454545
12.0 218.05454545454546
13.0 218.03636363636363
14.0 217.76363636363635
15.0 217.98181818181817
16.0 217.4909090909091
17.0 217.12727272727273
18.0 216.29090909090908
19.0 215.70909090909092
20.0 213.98181818181817
21.0 213.3090909090909
22.0 212.43636363636364
23.0 213.21818181818182
24.0 213.29090909090908
25.0 214.2
26.0 215.2
27.0 215.63636363636363
28.0 216.52727272727273
29.0 217.61818181818182
30.0 217.72727272727272
31.0 218.65454545454546
32.0 219.36363636363637
33.0 220.07272727272726
34.0 220.36363636363637
35.0 220.83636363636364
36.0 220.92727272727274
37.0 221.43636363636364
38.0 221.1090909090909
39.0 221.14545454545456
40.0 221.05454545454546
41.0 221.38181818181818
42.0 221.25454545454545
43.0 221.5818181818182
44.0 221.5090909090909
45.0 221.94545454545454
46.0 221.83636363636364
47.0 221.96363636363637

