1.0 236.40740740740742
2.0 236.40740740740742
3.0 236.53703703703704
4.0 236.53703703703704
5.0 236.57407407407408
6.0 236.57407407407408
7.0 236.64814814814815
8.0 236.64814814814815
9.0 236.61111111111111
10.0 236.61111111111111
11.0 236.55555555555554
12.0 236.55555555555554
13.0 236.66666666666666
14.0 236.66666666666666
15.0 236.75925925925927
16.0 236.75925925925927
17.0 236.72222222222223
18.0 236.72222222222223
19.0 236.72222222222223
20.0 236.72222222222223
21.0 236.64814814814815
22.0 236.64814814814815
23.0 236.7037037037037
24.0 236.7037037037037
25.0 236.72222222222223
26.0 236.72222222222223
27.0 236.8148148148148
28.0 236.8148148148148
29.0 236.9814814814815
30.0 236.9814814814815
31.0 237.12962962962962
32.0 237.12962962962962
33.0 237.1851851851852
34.0 237.1851851851852
35.0 237.61111111111111
36.0 237.61111111111111
37.0 238.61111111111111
38.0 238.61111111111111
39.0 239.92592592592592
40.0 239.92592592592592
41.0 241.37037037037038
42.0 241.35185185185185
43.0 242.25925925925927
44.0 242.12962962962962
45.0 242.2962962962963
46.0 241.6851851851852
47.0 241.8148148148148
48.0 242.44444444444446
49.0 242.75925925925927
50.0 242.57407407407408
51.0 241.7037037037037
52.0 242.03703703703704
53.0 241.77777777777777
54.0 241.77777777777777
55.0 240.96296296296296
56.0 240.96296296296296
57.0 240.59259259259258
58.0 240.59259259259258
59.0 240.6851851851852
60.0 240.6851851851852
61.0 241.11111111111111
62.0 241.11111111111111
63.0 241.61111111111111
64.0 241.61111111111111
65.0 241.7962962962963
66.0 241.7962962962963
67.0 242.03703703703704
68.0 242.03703703703704
69.0 242.22222222222223
70.0 242.22222222222223
71.0 242.88888888888889
72.0 242.88888888888889
73.0 243.37037037037038
74.0 243.37037037037038
75.0 243.9814814814815
76.0 243.9814814814815
77.0 244.55555555555554
78.0 244.55555555555554
79.0 245.1851851851852
80.0 245.1851851851852
81.0 245.64814814814815
82.0 245.64814814814815
83.0 246.03703703703704
84.0 246.03703703703704
85.0 246.96296296296296
86.0 246.96296296296296
87.0 247.46296296296296
88.0 247.46296296296296
89.0 248.16666666666666
90.0 248.16666666666666
91.0 248.8148148148148
92.0 248.8148148148148
