1.0 238.88888888888889
2.0 238.88888888888889
3.0 239.25925925925927
4.0 239.25925925925927
5.0 239.57407407407408
6.0 239.57407407407408
7.0 239.83333333333334
8.0 239.83333333333334
9.0 239.94444444444446
10.0 239.94444444444446
11.0 240.24074074074073
12.0 240.24074074074073
13.0 240.33333333333334
14.0 240.33333333333334
15.0 240.74074074074073
16.0 240.74074074074073
17.0 241.12962962962962
18.0 241.12962962962962
19.0 241.62962962962962
20.0 241.62962962962962
21.0 242.11111111111111
22.0 242.11111111111111
23.0 242.4814814814815
24.0 242.4814814814815
25.0 242.96296296296296
26.0 242.96296296296296
27.0 243.24074074074073
28.0 243.24074074074073
29.0 243.55555555555554
30.0 243.55555555555554
31.0 243.87037037037038
32.0 243.87037037037038
33.0 244.16666666666666
34.0 244.12962962962962
35.0 244.8148148148148
36.0 244.7962962962963
37.0 246.11111111111111
38.0 245.90740740740742
39.0 246.8148148148148
40.0 245.96296296296296
41.0 246.55555555555554
42.0 245.27777777777777
43.0 245.7962962962963
44.0 244.77777777777777
45.0 244.1851851851852
46.0 243.40740740740742
47.0 243.87037037037038
48.0 245.59259259259258
49.0 246.62962962962962
50.0 245.16666666666666
51.0 244.09259259259258
52.0 245.33333333333334
53.0 247.05555555555554
54.0 247.44444444444446
55.0 247.44444444444446
56.0 247.8148148148148
57.0 247.90740740740742
58.0 247.8148148148148
59.0 248.2037037037037
60.0 247.6851851851852
61.0 248.2962962962963
62.0 247.66666666666666
63.0 248.09259259259258
64.0 247.7037037037037
65.0 247.85185185185185
66.0 247.6851851851852
67.0 247.72222222222223
68.0 247.16666666666666
69.0 247.62962962962962
70.0 247.42592592592592
71.0 247.75925925925927
72.0 247.05555555555554
73.0 247.6851851851852
74.0 247.27777777777777
75.0 248.14814814814815
76.0 247.09259259259258
77.0 246.90740740740742
78.0 246.57407407407408
79.0 246.88888888888889
80.0 246.3148148148148
81.0 246.6851851851852
82.0 246.09259259259258
83.0 246.83333333333334
84.0 246.40740740740742
85.0 246.92592592592592
86.0 246.27777777777777
87.0 246.90740740740742
88.0 246.4814814814815
89.0 246.85185185185185
90.0 246.22222222222223
91.0 246.5
92.0 245.9814814814815
