1.0 175.76923076923077
2.0 175.94871794871796
3.0 176.17948717948718
4.0 175.10256410256412
5.0 174.66666666666666
6.0 173.7948717948718
7.0 173.25641025641025
8.0 172.25641025641025
9.0 170.94871794871796
10.0 168.94871794871796
11.0 167.17948717948718
12.0 166.46153846153845
13.0 166.53846153846155
14.0 165.76923076923077
15.0 165.92307692307693
16.0 166.17948717948718
17.0 166.43589743589743
18.0 166.7948717948718
19.0 167.97435897435898
20.0 169.6153846153846
21.0 171.0
22.0 172.35897435897436
23.0 173.87179487179486
24.0 174.0
25.0 174.25641025641025