1.0 157.76923076923077
2.0 157.23076923076923
3.0 156.89743589743588
4.0 155.89743589743588
5.0 155.0
6.0 153.74358974358975
7.0 152.2051282051282
8.0 150.23076923076923
9.0 148.74358974358975
10.0 147.35897435897436
11.0 146.92307692307693
12.0 145.6153846153846
13.0 145.15384615384616
14.0 144.6153846153846
15.0 144.53846153846155
16.0 144.17948717948718
17.0 145.48717948717947
18.0 146.5897435897436
19.0 148.69230769230768
20.0 150.33333333333334
21.0 151.10256410256412
22.0 151.92307692307693
23.0 152.6153846153846
24.0 152.84615384615384
25.0 152.7948717948718