1.0 155.82051282051282
2.0 155.69230769230768
3.0 155.76923076923077
4.0 155.02564102564102
5.0 154.69230769230768
6.0 153.48717948717947
7.0 152.7948717948718
8.0 151.46153846153845
9.0 150.82051282051282
10.0 149.0
11.0 147.74358974358975
12.0 146.5897435897436
13.0 146.02564102564102
14.0 145.02564102564102
15.0 145.2051282051282
16.0 145.05128205128204
17.0 145.07692307692307
18.0 144.5897435897436
19.0 145.56410256410257
20.0 146.28205128205127
21.0 147.46153846153845
22.0 148.30769230769232
23.0 149.23076923076923
24.0 149.12820512820514
25.0 149.48717948717947