1.0 168.23076923076923
2.0 168.3846153846154
3.0 168.07692307692307
4.0 167.74358974358975
5.0 166.71794871794873
6.0 166.23076923076923
7.0 164.66666666666666
8.0 163.71794871794873
9.0 162.23076923076923
10.0 161.3846153846154
11.0 160.28205128205127
12.0 160.43589743589743
13.0 160.07692307692307
14.0 160.2051282051282
15.0 160.02564102564102
16.0 160.64102564102564
17.0 161.30769230769232
18.0 162.2051282051282
19.0 163.46153846153845
20.0 165.64102564102564
21.0 166.69230769230768
22.0 168.69230769230768
23.0 169.25641025641025
24.0 170.28205128205127
25.0 169.43589743589743