1.0 168.44444444444446
2.0 168.37037037037038
3.0 168.1851851851852
4.0 168.2962962962963
5.0 168.2962962962963
6.0 168.5185185185185
7.0 168.03703703703704
8.0 168.11111111111111
9.0 167.66666666666666
10.0 167.22222222222223
11.0 166.4814814814815
12.0 166.33333333333334
13.0 165.59259259259258
14.0 164.88888888888889
15.0 163.25925925925927
16.0 161.88888888888889
17.0 160.85185185185185
18.0 160.77777777777777
19.0 160.62962962962962
20.0 161.03703703703704
21.0 161.62962962962962
22.0 162.8148148148148
23.0 163.55555555555554
24.0 163.40740740740742
25.0 162.33333333333334
26.0 161.7037037037037
27.0 161.11111111111111
28.0 161.14814814814815
29.0 161.62962962962962
30.0 162.4814814814815
31.0 162.66666666666666
32.0 163.62962962962962
33.0 164.77777777777777
34.0 166.07407407407408
35.0 166.77777777777777
36.0 168.25925925925927
37.0 168.4814814814815
38.0 169.11111111111111
39.0 169.11111111111111
40.0 169.85185185185185
41.0 169.74074074074073
42.0 169.85185185185185
43.0 169.92592592592592
44.0 169.92592592592592
45.0 170.03703703703704
46.0 170.2962962962963
47.0 170.25925925925927
48.0 170.5185185185185
49.0 170.59259259259258
50.0 170.88888888888889
51.0 170.8148148148148
52.0 171.1851851851852
53.0 170.96296296296296
