1.0 193.4814814814815
2.0 193.1851851851852
3.0 192.85185185185185
4.0 192.7037037037037
5.0 192.44444444444446
6.0 191.33333333333334
7.0 190.59259259259258
8.0 190.03703703703704
9.0 189.1851851851852
10.0 188.1851851851852
11.0 187.8148148148148
12.0 186.62962962962962
13.0 184.74074074074073
14.0 182.55555555555554
15.0 180.4814814814815
16.0 178.92592592592592
17.0 177.66666666666666
18.0 177.44444444444446
19.0 177.5185185185185
20.0 178.44444444444446
21.0 179.0
22.0 180.4814814814815
23.0 180.74074074074073
24.0 180.1851851851852
25.0 179.2962962962963
26.0 179.7037037037037
27.0 179.77777777777777
28.0 180.62962962962962
29.0 180.44444444444446
30.0 181.2962962962963
31.0 182.37037037037038
32.0 183.96296296296296
33.0 184.88888888888889
34.0 187.03703703703704
35.0 187.59259259259258
36.0 188.66666666666666
37.0 188.92592592592592
38.0 189.37037037037038
39.0 189.33333333333334
40.0 189.7037037037037
41.0 189.96296296296296
42.0 190.22222222222223
43.0 190.2962962962963
44.0 190.33333333333334
45.0 190.5185185185185
46.0 190.44444444444446
47.0 190.1851851851852
48.0 190.22222222222223
49.0 189.85185185185185
50.0 189.88888888888889
51.0 189.8148148148148
52.0 189.5185185185185
53.0 189.33333333333334