1.0 164.62962962962962
2.0 164.5185185185185
3.0 164.59259259259258
4.0 164.44444444444446
5.0 164.5185185185185
6.0 164.44444444444446
7.0 164.59259259259258
8.0 164.07407407407408
9.0 163.77777777777777
10.0 162.88888888888889
11.0 162.66666666666666
12.0 161.5185185185185
13.0 160.59259259259258
14.0 159.37037037037038
15.0 158.5185185185185
16.0 156.88888888888889
17.0 155.66666666666666
18.0 155.07407407407408
19.0 155.25925925925927
20.0 155.59259259259258
21.0 156.33333333333334
22.0 156.4814814814815
23.0 158.0
24.0 158.4814814814815
25.0 158.74074074074073
26.0 158.14814814814815
27.0 157.96296296296296
28.0 157.7037037037037
29.0 158.33333333333334
30.0 158.37037037037038
31.0 158.62962962962962
32.0 159.7037037037037
33.0 161.5185185185185
34.0 162.5185185185185
35.0 164.2962962962963
36.0 165.40740740740742
37.0 166.59259259259258
38.0 166.66666666666666
39.0 166.88888888888889
40.0 167.33333333333334
41.0 168.1851851851852
42.0 167.96296296296296
43.0 168.11111111111111
44.0 167.88888888888889
45.0 167.74074074074073
46.0 167.5185185185185
47.0 167.88888888888889
48.0 167.5185185185185
49.0 167.8148148148148
50.0 167.85185185185185
51.0 168.2962962962963
52.0 167.88888888888889
53.0 168.22222222222223