1.0 120.23333333333333
2.0 119.7
3.0 119.46666666666667
4.0 118.96666666666667
5.0 118.03333333333333
6.0 117.93333333333334
7.0 117.86666666666666
8.0 116.96666666666667
9.0 115.8
10.0 114.86666666666666
11.0 115.86666666666666
12.0 116.4
13.0 115.66666666666667
14.0 114.5
15.0 113.63333333333334
16.0 112.8
17.0 112.13333333333334
18.0 111.63333333333334
19.0 109.9
20.0 108.63333333333334
21.0 107.9
22.0 107.33333333333333
23.0 107.5
24.0 107.1
25.0 105.76666666666667
26.0 105.63333333333334
27.0 105.5
28.0 104.86666666666666
29.0 105.03333333333333
30.0 103.93333333333334
31.0 97.8
32.0 90.36666666666666
33.0 86.8
34.0 91.6
35.0 96.83333333333333
36.0 97.66666666666667
37.0 96.83333333333333
38.0 96.03333333333333
39.0 94.53333333333333
40.0 93.96666666666667
41.0 93.7
42.0 92.46666666666667
43.0 90.86666666666666
44.0 89.26666666666667
45.0 87.63333333333334
46.0 87.7
47.0 87.5
48.0 85.5
49.0 84.33333333333333
50.0 81.86666666666666
51.0 75.5
52.0 71.8
53.0 74.06666666666666
54.0 76.96666666666667
55.0 76.8
56.0 74.53333333333333
57.0 71.9
58.0 69.96666666666667
59.0 69.23333333333333
60.0 67.53333333333333
61.0 65.56666666666666
62.0 64.23333333333333
63.0 62.56666666666667
64.0 59.233333333333334

