1.0 224.42222222222222
2.0 223.42222222222222
3.0 222.9777777777778
4.0 222.46666666666667
5.0 222.11111111111111
6.0 220.44444444444446
7.0 219.2888888888889
8.0 217.75555555555556
9.0 216.35555555555555
10.0 214.88888888888889
11.0 214.51111111111112
12.0 214.0222222222222
13.0 213.6
14.0 212.86666666666667
15.0 212.37777777777777
16.0 212.13333333333333
17.0 212.35555555555555
18.0 213.55555555555554
19.0 215.88888888888889
20.0 217.73333333333332
21.0 219.66666666666666
22.0 220.2
23.0 220.75555555555556
24.0 221.2888888888889
25.0 221.44444444444446
26.0 220.9111111111111
27.0 220.4