1.0 168.46153846153845
2.0 167.6153846153846
3.0 167.8846153846154
4.0 167.1153846153846
5.0 167.03846153846155
6.0 166.1153846153846
7.0 165.46153846153845
8.0 164.1153846153846
9.0 163.57692307692307
10.0 162.26923076923077
11.0 160.53846153846155
12.0 159.0
13.0 159.92307692307693
14.0 160.26923076923077
15.0 160.34615384615384
16.0 160.26923076923077
17.0 161.46153846153845
18.0 162.1153846153846
19.0 161.76923076923077
20.0 160.76923076923077
21.0 160.26923076923077
22.0 160.53846153846155
23.0 161.26923076923077
24.0 161.57692307692307
25.0 162.1153846153846
26.0 162.5
27.0 164.23076923076923
28.0 165.3846153846154
29.0 167.03846153846155
30.0 167.92307692307693
31.0 169.03846153846155
32.0 169.84615384615384
33.0 170.73076923076923
34.0 170.80769230769232
35.0 170.80769230769232
36.0 170.80769230769232
37.0 170.92307692307693
38.0 170.69230769230768
39.0 170.76923076923077