1.0 150.73076923076923
2.0 150.5
3.0 150.84615384615384
4.0 150.34615384615384
5.0 149.84615384615384
6.0 148.92307692307693
7.0 148.19230769230768
8.0 148.03846153846155
9.0 147.80769230769232
10.0 146.26923076923077
11.0 145.19230769230768
12.0 143.30769230769232
13.0 142.57692307692307
14.0 142.80769230769232
15.0 142.3846153846154
16.0 141.5
17.0 141.76923076923077
18.0 143.19230769230768
19.0 143.96153846153845
20.0 142.65384615384616
21.0 142.15384615384616
22.0 140.8846153846154
23.0 140.57692307692307
24.0 141.1153846153846
25.0 141.46153846153845
26.0 141.8846153846154
27.0 143.0
28.0 144.07692307692307
29.0 145.34615384615384
30.0 146.76923076923077
31.0 148.15384615384616
32.0 148.07692307692307
33.0 148.8846153846154
34.0 149.5
35.0 150.19230769230768
36.0 150.34615384615384
37.0 150.65384615384616
38.0 150.46153846153845
39.0 150.26923076923077