1.0 153.03846153846155
2.0 152.5
3.0 151.6153846153846
4.0 150.34615384615384
5.0 150.03846153846155
6.0 148.65384615384616
7.0 147.92307692307693
8.0 146.80769230769232
9.0 145.5
10.0 143.1153846153846
11.0 141.73076923076923
12.0 140.53846153846155
13.0 140.3846153846154
14.0 139.8846153846154
15.0 140.53846153846155
16.0 140.84615384615384
17.0 141.15384615384616
18.0 140.92307692307693
19.0 141.07692307692307
20.0 140.69230769230768
21.0 140.1153846153846
22.0 139.80769230769232
23.0 140.65384615384616
24.0 140.8846153846154
25.0 141.3846153846154
26.0 141.8846153846154
27.0 142.92307692307693
28.0 143.80769230769232
29.0 144.53846153846155
30.0 144.3846153846154
31.0 145.1153846153846
32.0 145.46153846153845
33.0 145.6153846153846
34.0 144.57692307692307
35.0 144.42307692307693
36.0 143.5
37.0 143.23076923076923
38.0 142.42307692307693
39.0 142.30769230769232