1.0 141.84615384615384
2.0 141.80769230769232
3.0 141.23076923076923
4.0 141.6153846153846
5.0 141.30769230769232
6.0 140.84615384615384
7.0 140.1153846153846
8.0 139.46153846153845
9.0 138.73076923076923
10.0 138.34615384615384
11.0 137.23076923076923
12.0 136.34615384615384
13.0 135.0
14.0 134.19230769230768
15.0 133.84615384615384
16.0 134.8846153846154
17.0 134.96153846153845
18.0 135.80769230769232
19.0 136.42307692307693
20.0 135.76923076923077
21.0 134.30769230769232
22.0 133.53846153846155
23.0 134.07692307692307
24.0 134.80769230769232
25.0 134.3846153846154
26.0 135.42307692307693
27.0 136.53846153846155
28.0 138.46153846153845
29.0 139.34615384615384
30.0 140.30769230769232
31.0 140.53846153846155
32.0 141.42307692307693
33.0 141.84615384615384
34.0 143.03846153846155
35.0 143.1153846153846
36.0 142.92307692307693
37.0 142.26923076923077
38.0 142.5
39.0 142.53846153846155