1.0 217.15384615384616
2.0 217.57692307692307
3.0 218.1153846153846
4.0 217.8846153846154
5.0 217.84615384615384
6.0 217.53846153846155
7.0 217.1153846153846
8.0 216.69230769230768
9.0 216.5
10.0 215.65384615384616
11.0 214.26923076923077
12.0 212.84615384615384
13.0 211.1153846153846
14.0 210.34615384615384
15.0 210.0
16.0 209.96153846153845
17.0 209.57692307692307
18.0 212.69230769230768
19.0 216.96153846153845
20.0 215.80769230769232
21.0 215.6153846153846
22.0 214.8846153846154
23.0 214.8846153846154
24.0 215.03846153846155
25.0 216.6153846153846
26.0 217.1153846153846
27.0 218.65384615384616
28.0 219.96153846153845
29.0 222.0
30.0 222.03846153846155
31.0 223.42307692307693
32.0 224.07692307692307
33.0 225.23076923076923
34.0 225.73076923076923
35.0 226.07692307692307
36.0 225.53846153846155
37.0 224.76923076923077
38.0 224.26923076923077
39.0 223.73076923076923