1.0 148.86046511627907
2.0 148.8372093023256
3.0 148.41860465116278
4.0 148.3372093023256
5.0 148.8372093023256
6.0 148.43023255813952
7.0 147.5
8.0 148.6627906976744
9.0 148.63953488372093
10.0 149.2325581395349
11.0 146.88372093023256
12.0 144.45348837209303
13.0 140.41860465116278
14.0 140.75581395348837
15.0 141.53488372093022
16.0 141.6860465116279
17.0 142.51162790697674
18.0 144.13953488372093
19.0 146.46511627906978
20.0 148.11627906976744
21.0 149.77906976744185
22.0 148.8139534883721
23.0 148.2906976744186
24.0 146.43023255813952
25.0 146.37209302325581
26.0 149.06976744186048
27.0 150.22093023255815
28.0 150.3372093023256
29.0 150.2906976744186
30.0 150.6860465116279
31.0 150.8953488372093

