1.0 151.63333333333333
2.0 153.16666666666666
3.0 153.33333333333334
4.0 152.66666666666666
5.0 154.16666666666666
6.0 154.63333333333333
7.0 153.7
8.0 153.7
9.0 153.7
10.0 152.33333333333334
11.0 151.86666666666667
12.0 153.13333333333333
13.0 152.9
14.0 152.26666666666668
15.0 153.23333333333332
16.0 152.0
17.0 146.0
18.0 141.66666666666666
19.0 134.5
20.0 129.26666666666668
21.0 127.53333333333333
22.0 133.33333333333334
23.0 139.93333333333334
24.0 143.73333333333332
25.0 144.76666666666668
26.0 141.03333333333333
27.0 140.33333333333334
28.0 144.23333333333332
29.0 145.16666666666666
30.0 144.33333333333334
31.0 143.93333333333334
32.0 147.23333333333332
33.0 150.5
34.0 151.4
35.0 151.56666666666666
36.0 150.73333333333332
37.0 149.66666666666666
38.0 150.16666666666666
39.0 150.23333333333332
40.0 148.66666666666666
41.0 147.03333333333333
42.0 150.7
43.0 151.26666666666668
44.0 149.9
45.0 151.0
46.0 149.93333333333334
47.0 149.06666666666666
48.0 149.5
49.0 148.66666666666666
50.0 149.0
51.0 146.83333333333334
52.0 140.83333333333334
53.0 136.16666666666666
54.0 138.13333333333333
55.0 144.46666666666667
56.0 146.46666666666667
57.0 147.8
58.0 146.36666666666667
59.0 145.86666666666667
60.0 146.0
61.0 145.56666666666666
62.0 145.76666666666668
63.0 145.16666666666666
64.0 145.4
65.0 145.23333333333332
66.0 144.0
67.0 143.63333333333333
68.0 142.26666666666668
69.0 143.53333333333333
70.0 143.2
71.0 143.76666666666668
72.0 143.53333333333333
73.0 141.86666666666667
74.0 142.33333333333334
75.0 142.26666666666668
76.0 143.06666666666666
77.0 141.36666666666667
78.0 141.36666666666667
79.0 141.13333333333333
80.0 140.8
81.0 141.26666666666668
82.0 141.06666666666666
83.0 140.53333333333333

