1.0 125.0
2.0 125.0
3.0 124.26666666666667
4.0 125.36666666666666
5.0 126.86666666666666
6.0 127.06666666666666
7.0 127.36666666666666
8.0 127.2
9.0 127.2
10.0 127.43333333333334
11.0 128.13333333333333
12.0 129.36666666666667
13.0 129.13333333333333
14.0 127.06666666666666
15.0 129.3
16.0 124.6
17.0 119.4
18.0 119.4
19.0 128.46666666666667
20.0 128.83333333333334
21.0 131.2
22.0 133.26666666666668
23.0 132.93333333333334
24.0 133.73333333333332
25.0 134.16666666666666
26.0 132.23333333333332
27.0 129.46666666666667
28.0 127.0
29.0 121.4
30.0 122.0
31.0 124.26666666666667
32.0 128.63333333333333
33.0 133.93333333333334
34.0 136.73333333333332
35.0 136.53333333333333
36.0 136.36666666666667
37.0 137.5
38.0 138.63333333333333
39.0 138.56666666666666
40.0 138.86666666666667
41.0 139.53333333333333
42.0 139.36666666666667
43.0 139.46666666666667
44.0 139.16666666666666
45.0 138.2
46.0 139.83333333333334
47.0 140.43333333333334
48.0 141.63333333333333
49.0 141.06666666666666
50.0 141.53333333333333
51.0 142.06666666666666
52.0 142.1
53.0 142.86666666666667
54.0 142.26666666666668
55.0 143.56666666666666
56.0 143.6
57.0 143.4
58.0 143.63333333333333
59.0 141.03333333333333
60.0 140.26666666666668
61.0 143.56666666666666
62.0 144.2
63.0 143.73333333333332
64.0 144.83333333333334

