1.0 105.25581395348837
2.0 105.74418604651163
3.0 106.26744186046511
4.0 106.15116279069767
5.0 105.96511627906976
6.0 106.66279069767442
7.0 107.5813953488372
8.0 107.80232558139535
9.0 108.23255813953489
10.0 108.22093023255815
11.0 107.54651162790698
12.0 106.46511627906976
13.0 105.38372093023256
14.0 104.61627906976744
15.0 105.62790697674419
16.0 107.52325581395348
17.0 109.0
18.0 110.63953488372093
19.0 111.30232558139535
20.0 111.63953488372093
21.0 111.75581395348837
22.0 111.3953488372093
23.0 111.79069767441861
24.0 112.6046511627907
25.0 112.19767441860465
26.0 112.73255813953489
27.0 112.43023255813954
28.0 111.82558139534883
29.0 111.75581395348837
30.0 111.47674418604652
31.0 111.37209302325581

