1.0 133.4
2.0 131.96666666666667
3.0 132.13333333333333
4.0 132.16666666666666
5.0 131.26666666666668
6.0 131.43333333333334
7.0 131.36666666666667
8.0 129.76666666666668
9.0 129.86666666666667
10.0 131.2
11.0 130.2
12.0 128.63333333333333
13.0 127.96666666666667
14.0 128.4
15.0 124.7
16.0 116.1
17.0 111.86666666666666
18.0 110.5
19.0 118.3
20.0 125.03333333333333
21.0 125.46666666666667
22.0 125.26666666666667
23.0 124.53333333333333
24.0 125.6
25.0 125.03333333333333
26.0 123.5
27.0 121.93333333333334
28.0 122.26666666666667
29.0 122.56666666666666
30.0 121.2
31.0 120.13333333333334
32.0 120.63333333333334
33.0 120.56666666666666
34.0 119.3
35.0 118.03333333333333
36.0 118.0
37.0 117.93333333333334
38.0 116.9
39.0 115.93333333333334
40.0 115.2
41.0 114.73333333333333
42.0 115.33333333333333
43.0 113.96666666666667
44.0 112.93333333333334
45.0 111.8
46.0 107.26666666666667
47.0 108.96666666666667
48.0 109.53333333333333
49.0 108.26666666666667
50.0 106.06666666666666
51.0 106.26666666666667
52.0 104.53333333333333
53.0 104.1
54.0 104.56666666666666
55.0 101.73333333333333
56.0 101.23333333333333
57.0 101.3
58.0 100.73333333333333
59.0 100.86666666666666
60.0 101.0
61.0 98.4
62.0 96.96666666666667
63.0 97.9
64.0 96.23333333333333
65.0 93.4
66.0 91.63333333333334
67.0 90.6
68.0 89.9
69.0 89.46666666666667
70.0 89.96666666666667
71.0 89.03333333333333
72.0 86.33333333333333
73.0 84.4
74.0 82.46666666666667
75.0 80.46666666666667
76.0 79.16666666666667
77.0 77.96666666666667
78.0 75.96666666666667
79.0 73.73333333333333
80.0 72.46666666666667
81.0 70.76666666666667
82.0 68.93333333333334
83.0 67.23333333333333

