1.0 134.64705882352942
2.0 135.15686274509804
3.0 133.62745098039215
4.0 133.58823529411765
5.0 133.84313725490196
6.0 134.76470588235293
7.0 134.92156862745097
8.0 133.33333333333334
9.0 130.52941176470588
10.0 128.5686274509804
11.0 125.52941176470588
12.0 124.29411764705883
13.0 123.54901960784314
14.0 119.52941176470588
15.0 116.49019607843137
16.0 114.80392156862744
17.0 114.15686274509804
18.0 111.84313725490196
19.0 112.45098039215686
20.0 117.68627450980392
21.0 124.05882352941177
22.0 127.92156862745098
23.0 132.37254901960785
24.0 136.84313725490196
25.0 137.72549019607843
26.0 137.0392156862745
27.0 137.33333333333334
28.0 138.2549019607843
29.0 137.7843137254902
30.0 137.84313725490196
31.0 137.92156862745097

