1.0 125.1
2.0 125.96666666666667
3.0 127.03333333333333
4.0 126.53333333333333
5.0 127.46666666666667
6.0 128.2
7.0 128.96666666666667
8.0 129.56666666666666
9.0 131.33333333333334
10.0 131.73333333333332
11.0 128.06666666666666
12.0 121.93333333333334
13.0 117.06666666666666
14.0 116.53333333333333
15.0 117.46666666666667
16.0 123.56666666666666
17.0 126.33333333333333
18.0 128.43333333333334
19.0 133.26666666666668
20.0 133.26666666666668
21.0 133.56666666666666
22.0 133.2
23.0 134.13333333333333
24.0 134.4
25.0 134.26666666666668
26.0 131.53333333333333
27.0 133.13333333333333
28.0 135.0
29.0 135.06666666666666
30.0 134.4
31.0 133.06666666666666
32.0 132.5
33.0 133.76666666666668
34.0 136.43333333333334
35.0 138.73333333333332
36.0 135.0
37.0 128.66666666666666
38.0 123.53333333333333
39.0 118.23333333333333
40.0 111.6
41.0 105.8
42.0 103.03333333333333
43.0 103.5
44.0 103.63333333333334
45.0 110.96666666666667
46.0 117.86666666666666
47.0 121.5
48.0 128.06666666666666
49.0 139.9
50.0 141.26666666666668
51.0 139.93333333333334
52.0 141.1
53.0 141.56666666666666
54.0 141.93333333333334
55.0 141.8
56.0 141.3
57.0 141.23333333333332
58.0 141.76666666666668
59.0 142.6
60.0 143.23333333333332
61.0 143.66666666666666
62.0 143.63333333333333
63.0 143.56666666666666

